game_id,data_set,date,a1,a2,a3,a4,a5,h1,h2,h3,h4,h5,period,away_score,home_score,remaining_time,elapsed,play_length,play_id,team,event_type,assist,away,home,block,entered,left,num,opponent,outof,player,points,possession,reason,result,steal,type,shot_distance,original_x,original_y,converted_x,converted_y,description
22100478,2021-22 Regular Season,2021-12-23,Onyeka Okongwu,John Collins,Cam Reddish,Skylar Mays,Delon Wright,Joel Embiid,Furkan Korkmaz,Seth Curry,Matisse Thybulle,Tobias Harris,1,0,0,0:12:00,0:00:00,0:00:00,1,,start of period,,,,,,,,,,,,,,,,start of period,,,,,,
22100478,2021-22 Regular Season,2021-12-23,Onyeka Okongwu,John Collins,Cam Reddish,Skylar Mays,Delon Wright,Joel Embiid,Furkan Korkmaz,Seth Curry,Matisse Thybulle,Tobias Harris,1,0,0,0:12:00,0:00:00,0:00:00,2,PHI,jump ball,,Onyeka Okongwu,Joel Embiid,,,,,,,Joel Embiid,,Furkan Korkmaz,,,,jump ball,,,,,,Jump Ball Embiid vs. Okongwu: Tip to Korkmaz
22100478,2021-22 Regular Season,2021-12-23,Onyeka Okongwu,John Collins,Cam Reddish,Skylar Mays,Delon Wright,Joel Embiid,Furkan Korkmaz,Seth Curry,Matisse Thybulle,Tobias Harris,1,0,0,0:11:45,0:00:15,0:00:15,3,PHI,turnover,,,,,,,,,,Seth Curry,,,bad pass,,John Collins,bad pass,,,,,,Curry Bad Pass Turnover (P1.T1): Collins STEAL (1 STL)
22100478,2021-22 Regular Season,2021-12-23,Onyeka Okongwu,John Collins,Cam Reddish,Skylar Mays,Delon Wright,Joel Embiid,Furkan Korkmaz,Seth Curry,Matisse Thybulle,Tobias Harris,1,0,0,0:11:28,0:00:32,0:00:17,4,ATL,shot,,,,,,,,,,John Collins,0,,,missed,,jump shot,12,-51,110,30.1,16.0,MISS Collins 12' Jump Shot
22100478,2021-22 Regular Season,2021-12-23,Onyeka Okongwu,John Collins,Cam Reddish,Skylar Mays,Delon Wright,Joel Embiid,Furkan Korkmaz,Seth Curry,Matisse Thybulle,Tobias Harris,1,0,0,0:11:26,0:00:34,0:00:02,5,ATL,rebound,,,,,,,,,,Onyeka Okongwu,,,,,,rebound offensive,,,,,,Okongwu REBOUND (Off:1 Def:0)
22100478,2021-22 Regular Season,2021-12-23,Onyeka Okongwu,John Collins,Cam Reddish,Skylar Mays,Delon Wright,Joel Embiid,Furkan Korkmaz,Seth Curry,Matisse Thybulle,Tobias Harris,1,0,0,0:11:23,0:00:37,0:00:03,6,ATL,shot,,,,Matisse Thybulle,,,,,,Cam Reddish,0,,,missed,,3pt jump shot,28,23,280,22.7,33.0,Thybulle BLOCK (1 BLK): MISS Reddish 28' 3PT Jump Shot
22100478,2021-22 Regular Season,2021-12-23,Onyeka Okongwu,John Collins,Cam Reddish,Skylar Mays,Delon Wright,Joel Embiid,Furkan Korkmaz,Seth Curry,Matisse Thybulle,Tobias Harris,1,0,0,0:11:20,0:00:40,0:00:03,7,PHI,rebound,,,,,,,,,,Matisse Thybulle,,,,,,rebound defensive,,,,,,Thybulle REBOUND (Off:0 Def:1)
22100478,2021-22 Regular Season,2021-12-23,Onyeka Okongwu,John Collins,Cam Reddish,Skylar Mays,Delon Wright,Joel Embiid,Furkan Korkmaz,Seth Curry,Matisse Thybulle,Tobias Harris,1,0,0,0:11:16,0:00:44,0:00:04,8,PHI,shot,,,,,,,,,,Furkan Korkmaz,0,,,missed,,3pt jump shot,26,129,231,37.9,65.9,MISS Korkmaz 26' 3PT Jump Shot
22100478,2021-22 Regular Season,2021-12-23,Onyeka Okongwu,John Collins,Cam Reddish,Skylar Mays,Delon Wright,Joel Embiid,Furkan Korkmaz,Seth Curry,Matisse Thybulle,Tobias Harris,1,0,0,0:11:12,0:00:48,0:00:04,9,ATL,rebound,,,,,,,,,,Cam Reddish,,,,,,rebound defensive,,,,,,Reddish REBOUND (Off:0 Def:1)
22100478,2021-22 Regular Season,2021-12-23,Onyeka Okongwu,John Collins,Cam Reddish,Skylar Mays,Delon Wright,Joel Embiid,Furkan Korkmaz,Seth Curry,Matisse Thybulle,Tobias Harris,1,2,0,0:11:04,0:00:56,0:00:08,10,ATL,shot,,,,,,,,,,Cam Reddish,2,,,made,,jump shot,6,-1,64,25.1,11.4,Reddish 6' Pullup Jump Shot (2 PTS)
22100478,2021-22 Regular Season,2021-12-23,Onyeka Okongwu,John Collins,Cam Reddish,Skylar Mays,Delon Wright,Joel Embiid,Furkan Korkmaz,Seth Curry,Matisse Thybulle,Tobias Harris,1,2,0,0:10:50,0:01:10,0:00:14,11,PHI,shot,,,,,,,,,,Tobias Harris,0,,,missed,,3pt jump shot,26,-110,236,14.0,65.4,MISS Harris 26' 3PT Jump Shot
22100478,2021-22 Regular Season,2021-12-23,Onyeka Okongwu,John Collins,Cam Reddish,Skylar Mays,Delon Wright,Joel Embiid,Furkan Korkmaz,Seth Curry,Matisse Thybulle,Tobias Harris,1,2,0,0:10:48,0:01:12,0:00:02,12,ATL,rebound,,,,,,,,,,Onyeka Okongwu,,,,,,rebound defensive,,,,,,Okongwu REBOUND (Off:1 Def:1)
22100478,2021-22 Regular Season,2021-12-23,Onyeka Okongwu,John Collins,Cam Reddish,Skylar Mays,Delon Wright,Joel Embiid,Furkan Korkmaz,Seth Curry,Matisse Thybulle,Tobias Harris,1,4,0,0:10:27,0:01:33,0:00:21,13,ATL,shot,Onyeka Okongwu,,,,,,,,,John Collins,2,,,made,,dunk,1,-7,-5,25.7,4.5,Collins 1' Reverse Dunk (2 PTS) (Okongwu 1 AST)
22100478,2021-22 Regular Season,2021-12-23,Onyeka Okongwu,John Collins,Cam Reddish,Skylar Mays,Delon Wright,Joel Embiid,Furkan Korkmaz,Seth Curry,Matisse Thybulle,Tobias Harris,1,4,0,0:10:06,0:01:54,0:00:21,14,PHI,shot,,,,,,,,,,Joel Embiid,0,,,missed,,fadeaway jumper,9,-16,87,23.4,80.3,MISS Embiid 9' Fadeaway Jumper
22100478,2021-22 Regular Season,2021-12-23,Onyeka Okongwu,John Collins,Cam Reddish,Skylar Mays,Delon Wright,Joel Embiid,Furkan Korkmaz,Seth Curry,Matisse Thybulle,Tobias Harris,1,4,0,0:10:04,0:01:56,0:00:02,15,ATL,rebound,,,,,,,,,,Skylar Mays,,,,,,rebound defensive,,,,,,Mays REBOUND (Off:0 Def:1)
22100478,2021-22 Regular Season,2021-12-23,Onyeka Okongwu,John Collins,Cam Reddish,Skylar Mays,Delon Wright,Joel Embiid,Furkan Korkmaz,Seth Curry,Matisse Thybulle,Tobias Harris,1,7,0,0:09:49,0:02:11,0:00:15,16,ATL,shot,Delon Wright,,,,,,,,,John Collins,3,,,made,,3pt jump shot,28,-141,242,39.1,29.200000000000003,Collins 28' 3PT Jump Shot (5 PTS) (Wright 1 AST)
22100478,2021-22 Regular Season,2021-12-23,Onyeka Okongwu,John Collins,Cam Reddish,Skylar Mays,Delon Wright,Joel Embiid,Furkan Korkmaz,Seth Curry,Matisse Thybulle,Tobias Harris,1,7,2,0:09:32,0:02:28,0:00:17,17,PHI,shot,,,,,,,,,,Seth Curry,2,,,made,,jump shot,17,150,71,40.0,81.9,Curry 17' Pullup Jump Shot (2 PTS)
22100478,2021-22 Regular Season,2021-12-23,Onyeka Okongwu,John Collins,Cam Reddish,Skylar Mays,Delon Wright,Joel Embiid,Furkan Korkmaz,Seth Curry,Matisse Thybulle,Tobias Harris,1,9,2,0:09:16,0:02:44,0:00:16,18,ATL,shot,,,,,,,,,,Cam Reddish,2,,,made,,driving floating jump shot,5,22,42,22.8,9.2,Reddish 5' Driving Floating Jump Shot (4 PTS)
22100478,2021-22 Regular Season,2021-12-23,Onyeka Okongwu,John Collins,Cam Reddish,Skylar Mays,Delon Wright,Joel Embiid,Furkan Korkmaz,Seth Curry,Matisse Thybulle,Tobias Harris,1,9,2,0:08:58,0:03:02,0:00:18,19,PHI,shot,,,,,,,,,,Tobias Harris,0,,,missed,,3pt jump shot,26,-112,231,13.799999999999999,65.9,MISS Harris 26' 3PT Jump Shot
22100478,2021-22 Regular Season,2021-12-23,Onyeka Okongwu,John Collins,Cam Reddish,Skylar Mays,Delon Wright,Joel Embiid,Furkan Korkmaz,Seth Curry,Matisse Thybulle,Tobias Harris,1,9,2,0:08:55,0:03:05,0:00:03,20,ATL,rebound,,,,,,,,,,Skylar Mays,,,,,,rebound defensive,,,,,,Mays REBOUND (Off:0 Def:2)
22100478,2021-22 Regular Season,2021-12-23,Onyeka Okongwu,John Collins,Cam Reddish,Skylar Mays,Delon Wright,Joel Embiid,Furkan Korkmaz,Seth Curry,Matisse Thybulle,Tobias Harris,1,9,2,0:08:41,0:03:19,0:00:14,21,ATL,shot,,,,,,,,,,Delon Wright,0,,,missed,,driving floating bank jump shot,9,-78,47,32.8,9.7,MISS Wright 9' Driving Floating Bank Jump Shot
22100478,2021-22 Regular Season,2021-12-23,Onyeka Okongwu,John Collins,Cam Reddish,Skylar Mays,Delon Wright,Joel Embiid,Furkan Korkmaz,Seth Curry,Matisse Thybulle,Tobias Harris,1,9,2,0:08:36,0:03:24,0:00:05,22,PHI,rebound,,,,,,,,,,Furkan Korkmaz,,,,,,rebound defensive,,,,,,Korkmaz REBOUND (Off:0 Def:1)
22100478,2021-22 Regular Season,2021-12-23,Onyeka Okongwu,John Collins,Cam Reddish,Skylar Mays,Delon Wright,Joel Embiid,Furkan Korkmaz,Seth Curry,Matisse Thybulle,Tobias Harris,1,9,5,0:08:30,0:03:30,0:00:06,23,PHI,shot,Matisse Thybulle,,,,,,,,,Seth Curry,3,,,made,,3pt jump shot,25,179,176,42.900000000000006,71.4,Curry 25' 3PT Jump Shot (5 PTS) (Thybulle 1 AST)
22100478,2021-22 Regular Season,2021-12-23,Onyeka Okongwu,John Collins,Cam Reddish,Skylar Mays,Delon Wright,Joel Embiid,Furkan Korkmaz,Seth Curry,Matisse Thybulle,Tobias Harris,1,11,5,0:08:18,0:03:42,0:00:12,24,ATL,shot,,,,,,,,,,John Collins,2,,,made,,jump shot,15,-148,7,39.8,5.7,Collins 15' Jump Shot (7 PTS)
22100478,2021-22 Regular Season,2021-12-23,Onyeka Okongwu,John Collins,Cam Reddish,Skylar Mays,Delon Wright,Joel Embiid,Furkan Korkmaz,Seth Curry,Matisse Thybulle,Tobias Harris,1,11,5,0:08:04,0:03:56,0:00:14,25,PHI,turnover,,,,,,,,,,Seth Curry,,,out of bounds lost ball,,,out of bounds lost ball,,,,,,Curry Out of Bounds Lost Ball Turnover (P2.T2)
22100478,2021-22 Regular Season,2021-12-23,Onyeka Okongwu,John Collins,Cam Reddish,Skylar Mays,Delon Wright,Joel Embiid,Furkan Korkmaz,Seth Curry,Matisse Thybulle,Tobias Harris,1,13,5,0:07:41,0:04:19,0:00:23,26,ATL,shot,Cam Reddish,,,,,,,,,John Collins,2,,,made,,turnaround fadeaway,14,-126,48,37.6,9.8,Collins 13' Turnaround Fadeaway (9 PTS) (Reddish 1 AST)
22100478,2021-22 Regular Season,2021-12-23,Onyeka Okongwu,John Collins,Cam Reddish,Skylar Mays,Delon Wright,Joel Embiid,Furkan Korkmaz,Seth Curry,Matisse Thybulle,Tobias Harris,1,13,7,0:07:22,0:04:38,0:00:19,27,PHI,shot,Tobias Harris,,,,,,,,,Joel Embiid,2,,,made,,layup,1,-10,-1,24.0,89.1,Embiid 1' Finger Roll Layup (2 PTS) (Harris 1 AST)
22100478,2021-22 Regular Season,2021-12-23,Onyeka Okongwu,John Collins,Cam Reddish,Skylar Mays,Delon Wright,Joel Embiid,Furkan Korkmaz,Seth Curry,Matisse Thybulle,Tobias Harris,1,15,7,0:07:03,0:04:57,0:00:19,28,ATL,shot,,,,,,,,,,Cam Reddish,2,,,made,,driving reverse layup,1,-11,-3,26.1,4.7,Reddish 1' Driving Reverse Layup (6 PTS)
22100478,2021-22 Regular Season,2021-12-23,Onyeka Okongwu,John Collins,Cam Reddish,Skylar Mays,Delon Wright,Joel Embiid,Furkan Korkmaz,Seth Curry,Matisse Thybulle,Tobias Harris,1,15,7,0:06:52,0:05:08,0:00:11,29,PHI,shot,,,,,,,,,,Joel Embiid,0,,,missed,,turnaround fadeaway,9,-86,37,16.4,85.3,MISS Embiid 9' Turnaround Fadeaway Shot
22100478,2021-22 Regular Season,2021-12-23,Onyeka Okongwu,John Collins,Cam Reddish,Skylar Mays,Delon Wright,Joel Embiid,Furkan Korkmaz,Seth Curry,Matisse Thybulle,Tobias Harris,1,15,7,0:06:50,0:05:10,0:00:02,30,ATL,rebound,,,,,,,,,,Skylar Mays,,,,,,rebound defensive,,,,,,Mays REBOUND (Off:0 Def:3)
22100478,2021-22 Regular Season,2021-12-23,Onyeka Okongwu,John Collins,Cam Reddish,Skylar Mays,Delon Wright,Joel Embiid,Furkan Korkmaz,Seth Curry,Matisse Thybulle,Tobias Harris,1,15,7,0:06:31,0:05:29,0:00:19,31,PHI,timeout,,,,,,,,,,,,,,,,timeout: regular,,,,,,76ERS Timeout: Regular (Full 1 Short 0)
22100478,2021-22 Regular Season,2021-12-23,Onyeka Okongwu,John Collins,Cam Reddish,Skylar Mays,Delon Wright,Joel Embiid,Tyrese Maxey,Seth Curry,Matisse Thybulle,Tobias Harris,1,15,7,0:06:31,0:05:29,0:00:00,32,PHI,substitution,,,,,Tyrese Maxey,Furkan Korkmaz,,,,Furkan Korkmaz,,,,,,sub,,,,,,SUB: Maxey FOR Korkmaz
22100478,2021-22 Regular Season,2021-12-23,Onyeka Okongwu,John Collins,Cam Reddish,Skylar Mays,Delon Wright,Joel Embiid,Tyrese Maxey,Seth Curry,Matisse Thybulle,Tobias Harris,1,15,7,0:06:29,0:05:31,0:00:02,33,ATL,shot,,,,,,,,,,Cam Reddish,0,,,missed,,fadeaway jumper,12,116,-16,13.399999999999999,3.4,MISS Reddish 12' Fadeaway Jumper
22100478,2021-22 Regular Season,2021-12-23,Onyeka Okongwu,John Collins,Cam Reddish,Skylar Mays,Delon Wright,Joel Embiid,Tyrese Maxey,Seth Curry,Matisse Thybulle,Tobias Harris,1,15,7,0:06:26,0:05:34,0:00:03,34,ATL,rebound,,,,,,,,,,Onyeka Okongwu,,,,,,rebound offensive,,,,,,Okongwu REBOUND (Off:2 Def:1)
22100478,2021-22 Regular Season,2021-12-23,Onyeka Okongwu,John Collins,Cam Reddish,Skylar Mays,Delon Wright,Joel Embiid,Tyrese Maxey,Seth Curry,Matisse Thybulle,Tobias Harris,1,17,7,0:06:24,0:05:36,0:00:02,35,ATL,shot,,,,,,,,,,Onyeka Okongwu,2,,,made,,jump bank shot,6,55,19,19.5,6.9,Okongwu 6' Jump Bank Shot (2 PTS)
22100478,2021-22 Regular Season,2021-12-23,Onyeka Okongwu,John Collins,Cam Reddish,Skylar Mays,Delon Wright,Joel Embiid,Tyrese Maxey,Seth Curry,Matisse Thybulle,Tobias Harris,1,17,7,0:05:58,0:06:02,0:00:26,36,PHI,shot,,,,,,,,,,Seth Curry,0,,,missed,,layup,5,2,51,25.2,83.9,MISS Curry 5' Driving Finger Roll Layup
22100478,2021-22 Regular Season,2021-12-23,Onyeka Okongwu,John Collins,Cam Reddish,Skylar Mays,Delon Wright,Joel Embiid,Tyrese Maxey,Seth Curry,Matisse Thybulle,Tobias Harris,1,17,7,0:05:55,0:06:05,0:00:03,37,ATL,rebound,,,,,,,,,,Delon Wright,,,,,,rebound defensive,,,,,,Wright REBOUND (Off:0 Def:1)
22100478,2021-22 Regular Season,2021-12-23,Onyeka Okongwu,John Collins,Cam Reddish,Skylar Mays,Delon Wright,Joel Embiid,Tyrese Maxey,Seth Curry,Matisse Thybulle,Tobias Harris,1,17,7,0:05:49,0:06:11,0:00:06,38,ATL,shot,,,,Joel Embiid,,,,,,Delon Wright,0,,,missed,,driving layup,2,-20,-4,27.0,4.6,Embiid BLOCK (1 BLK): MISS Wright 2' Driving Layup
22100478,2021-22 Regular Season,2021-12-23,Onyeka Okongwu,John Collins,Cam Reddish,Skylar Mays,Delon Wright,Joel Embiid,Tyrese Maxey,Seth Curry,Matisse Thybulle,Tobias Harris,1,17,7,0:05:49,0:06:11,0:00:00,39,ATL,rebound,,,,,,,,,,,,,,,,rebound offensive,,,,,,Hawks Rebound
22100478,2021-22 Regular Season,2021-12-23,Onyeka Okongwu,John Collins,Cam Reddish,Skylar Mays,Delon Wright,Joel Embiid,Tyrese Maxey,Seth Curry,Matisse Thybulle,Tobias Harris,1,19,7,0:05:39,0:06:21,0:00:10,40,ATL,shot,John Collins,,,,,,,,,Onyeka Okongwu,2,,,made,,dunk,1,-9,-3,25.9,4.7,Okongwu 1' Alley Oop Dunk (4 PTS) (Collins 1 AST)
22100478,2021-22 Regular Season,2021-12-23,Onyeka Okongwu,John Collins,Cam Reddish,Skylar Mays,Delon Wright,Joel Embiid,Tyrese Maxey,Seth Curry,Matisse Thybulle,Tobias Harris,1,19,7,0:05:24,0:06:36,0:00:15,41,PHI,shot,,,,,,,,,,Joel Embiid,0,,,missed,,fadeaway jumper,14,123,62,37.3,82.8,MISS Embiid 14' Fadeaway Jumper
22100478,2021-22 Regular Season,2021-12-23,Onyeka Okongwu,John Collins,Cam Reddish,Skylar Mays,Delon Wright,Joel Embiid,Tyrese Maxey,Seth Curry,Matisse Thybulle,Tobias Harris,1,19,7,0:05:21,0:06:39,0:00:03,42,ATL,rebound,,,,,,,,,,John Collins,,,,,,rebound defensive,,,,,,Collins REBOUND (Off:0 Def:1)
22100478,2021-22 Regular Season,2021-12-23,Onyeka Okongwu,John Collins,Cam Reddish,Skylar Mays,Delon Wright,Joel Embiid,Tyrese Maxey,Seth Curry,Matisse Thybulle,Tobias Harris,1,21,7,0:05:05,0:06:55,0:00:16,43,ATL,shot,,,,,,,,,,Skylar Mays,2,,,made,,layup,2,-17,7,26.7,5.7,Mays 2' Driving Finger Roll Layup (2 PTS)
22100478,2021-22 Regular Season,2021-12-23,Onyeka Okongwu,John Collins,Cam Reddish,Skylar Mays,Delon Wright,Joel Embiid,Tyrese Maxey,Seth Curry,Matisse Thybulle,Tobias Harris,1,21,7,0:04:55,0:07:05,0:00:10,44,PHI,shot,,,,,,,,,,Matisse Thybulle,0,,,missed,,3pt jump shot,26,-138,214,11.2,67.6,MISS Thybulle 25' 3PT Jump Shot
22100478,2021-22 Regular Season,2021-12-23,Onyeka Okongwu,John Collins,Cam Reddish,Skylar Mays,Delon Wright,Joel Embiid,Tyrese Maxey,Seth Curry,Matisse Thybulle,Tobias Harris,1,21,7,0:04:51,0:07:09,0:00:04,45,ATL,rebound,,,,,,,,,,Delon Wright,,,,,,rebound defensive,,,,,,Wright REBOUND (Off:0 Def:2)
22100478,2021-22 Regular Season,2021-12-23,Onyeka Okongwu,John Collins,Cam Reddish,Skylar Mays,Delon Wright,Joel Embiid,Tyrese Maxey,Seth Curry,Matisse Thybulle,Tobias Harris,1,21,7,0:04:39,0:07:21,0:00:12,46,PHI,foul,,,,,,,,Delon Wright,,Seth Curry,,,p.foul,,,personal,,,,,,Curry P.FOUL (P1.T1) (M.Smith)
22100478,2021-22 Regular Season,2021-12-23,Onyeka Okongwu,John Collins,Cam Reddish,Skylar Mays,Delon Wright,Joel Embiid,Tyrese Maxey,Seth Curry,Matisse Thybulle,Tobias Harris,1,21,7,0:04:30,0:07:30,0:00:09,47,ATL,shot,,,,Tyrese Maxey,,,,,,Skylar Mays,0,,,missed,,jump shot,10,-29,92,27.9,14.200000000000001,Maxey BLOCK (1 BLK): MISS Mays 10' Pullup Jump Shot
22100478,2021-22 Regular Season,2021-12-23,Onyeka Okongwu,John Collins,Cam Reddish,Skylar Mays,Delon Wright,Joel Embiid,Tyrese Maxey,Seth Curry,Matisse Thybulle,Tobias Harris,1,21,7,0:04:25,0:07:35,0:00:05,48,ATL,rebound,,,,,,,,,,Skylar Mays,,,,,,rebound offensive,,,,,,Mays REBOUND (Off:1 Def:3)
22100478,2021-22 Regular Season,2021-12-23,Onyeka Okongwu,John Collins,Cam Reddish,Skylar Mays,Delon Wright,Joel Embiid,Tyrese Maxey,Seth Curry,Matisse Thybulle,Tobias Harris,1,21,7,0:04:24,0:07:36,0:00:01,49,ATL,shot,,,,,,,,,,Onyeka Okongwu,0,,,missed,,layup,2,0,15,25.0,6.5,MISS Okongwu 2' Layup
22100478,2021-22 Regular Season,2021-12-23,Onyeka Okongwu,John Collins,Cam Reddish,Skylar Mays,Delon Wright,Joel Embiid,Tyrese Maxey,Seth Curry,Matisse Thybulle,Tobias Harris,1,21,7,0:04:20,0:07:40,0:00:04,50,PHI,rebound,,,,,,,,,,Joel Embiid,,,,,,rebound defensive,,,,,,Embiid REBOUND (Off:0 Def:1)
22100478,2021-22 Regular Season,2021-12-23,Onyeka Okongwu,John Collins,Cam Reddish,Skylar Mays,Delon Wright,Joel Embiid,Tyrese Maxey,Seth Curry,Matisse Thybulle,Tobias Harris,1,21,7,0:04:10,0:07:50,0:00:10,51,PHI,shot,,,,,,,,,,Tobias Harris,0,,,missed,,3pt jump shot,25,124,222,37.4,66.8,MISS Harris 25' 3PT Jump Shot
22100478,2021-22 Regular Season,2021-12-23,Onyeka Okongwu,John Collins,Cam Reddish,Skylar Mays,Delon Wright,Joel Embiid,Tyrese Maxey,Seth Curry,Matisse Thybulle,Tobias Harris,1,21,7,0:04:10,0:07:50,0:00:00,52,ATL,rebound,,,,,,,,,,Skylar Mays,,,,,,rebound defensive,,,,,,Mays REBOUND (Off:1 Def:4)
22100478,2021-22 Regular Season,2021-12-23,Onyeka Okongwu,John Collins,Cam Reddish,Skylar Mays,Delon Wright,Joel Embiid,Tyrese Maxey,Seth Curry,Matisse Thybulle,Tobias Harris,1,21,7,0:03:56,0:08:04,0:00:14,53,ATL,shot,,,,,,,,,,John Collins,0,,,missed,,jump shot,9,-23,90,27.3,14.0,MISS Collins 9' Turnaround Jump Shot
22100478,2021-22 Regular Season,2021-12-23,Onyeka Okongwu,John Collins,Cam Reddish,Skylar Mays,Delon Wright,Joel Embiid,Tyrese Maxey,Seth Curry,Matisse Thybulle,Tobias Harris,1,21,7,0:03:55,0:08:05,0:00:01,54,PHI,rebound,,,,,,,,,,Joel Embiid,,,,,,rebound defensive,,,,,,Embiid REBOUND (Off:0 Def:2)
22100478,2021-22 Regular Season,2021-12-23,Onyeka Okongwu,John Collins,Cam Reddish,Bogdan Bogdanovic,Delon Wright,Joel Embiid,Tyrese Maxey,Seth Curry,Matisse Thybulle,Tobias Harris,1,21,7,0:03:55,0:08:05,0:00:00,55,ATL,substitution,,,,,Bogdan Bogdanovic,Skylar Mays,,,,Skylar Mays,,,,,,sub,,,,,,SUB: Bogdanovic FOR Mays
22100478,2021-22 Regular Season,2021-12-23,Onyeka Okongwu,John Collins,Cam Reddish,Bogdan Bogdanovic,Delon Wright,Joel Embiid,Tyrese Maxey,Seth Curry,Matisse Thybulle,Tobias Harris,1,21,9,0:03:37,0:08:23,0:00:18,56,PHI,shot,Joel Embiid,,,,,,,,,Tyrese Maxey,2,,,made,,jump shot,17,18,167,26.8,72.3,Maxey 17' Pullup Jump Shot (2 PTS) (Embiid 1 AST)
22100478,2021-22 Regular Season,2021-12-23,Onyeka Okongwu,John Collins,Cam Reddish,Bogdan Bogdanovic,Delon Wright,Joel Embiid,Tyrese Maxey,Seth Curry,Matisse Thybulle,Tobias Harris,1,21,9,0:03:24,0:08:36,0:00:13,57,ATL,shot,,,,,,,,,,Bogdan Bogdanovic,0,,,missed,,3pt jump shot,27,-186,199,43.6,24.900000000000002,MISS Bogdanovic 27' 3PT Jump Shot
22100478,2021-22 Regular Season,2021-12-23,Onyeka Okongwu,John Collins,Cam Reddish,Bogdan Bogdanovic,Delon Wright,Joel Embiid,Tyrese Maxey,Seth Curry,Matisse Thybulle,Tobias Harris,1,21,9,0:03:22,0:08:38,0:00:02,58,PHI,rebound,,,,,,,,,,Tobias Harris,,,,,,rebound defensive,,,,,,Harris REBOUND (Off:0 Def:1)
22100478,2021-22 Regular Season,2021-12-23,Onyeka Okongwu,John Collins,Cam Reddish,Bogdan Bogdanovic,Delon Wright,Joel Embiid,Tyrese Maxey,Seth Curry,Matisse Thybulle,Tobias Harris,1,21,9,0:03:15,0:08:45,0:00:07,59,ATL,foul,,,,,,,,Tobias Harris,,Cam Reddish,,,s.foul,,,shooting,,,,,,Reddish S.FOUL (P1.T1) (J.Williams)
22100478,2021-22 Regular Season,2021-12-23,Onyeka Okongwu,John Collins,Cam Reddish,Bogdan Bogdanovic,Delon Wright,Joel Embiid,Tyrese Maxey,Seth Curry,Isaiah Joe,Tobias Harris,1,21,9,0:03:15,0:08:45,0:00:00,60,PHI,substitution,,,,,Isaiah Joe,Matisse Thybulle,,,,Matisse Thybulle,,,,,,sub,,,,,,SUB: Joe FOR Thybulle
22100478,2021-22 Regular Season,2021-12-23,Onyeka Okongwu,John Collins,Cam Reddish,Bogdan Bogdanovic,Delon Wright,Joel Embiid,Tyrese Maxey,Seth Curry,Matisse Thybulle,Tobias Harris,1,21,10,0:03:15,0:08:45,0:00:00,61,PHI,free throw,,,,,,,1,,2,Tobias Harris,1,,,made,,free throw 1/2,,,,,,Harris Free Throw 1 of 2 (1 PTS)
22100478,2021-22 Regular Season,2021-12-23,Gorgui Dieng,John Collins,Cam Reddish,Bogdan Bogdanovic,Delon Wright,Joel Embiid,Tyrese Maxey,Seth Curry,Isaiah Joe,Tobias Harris,1,21,10,0:03:15,0:08:45,0:00:00,62,ATL,substitution,,,,,Gorgui Dieng,Onyeka Okongwu,,,,Onyeka Okongwu,,,,,,sub,,,,,,SUB: Dieng FOR Okongwu
22100478,2021-22 Regular Season,2021-12-23,Onyeka Okongwu,John Collins,Cam Reddish,Bogdan Bogdanovic,Delon Wright,Joel Embiid,Tyrese Maxey,Seth Curry,Matisse Thybulle,Tobias Harris,1,21,11,0:03:15,0:08:45,0:00:00,63,PHI,free throw,,,,,,,2,,2,Tobias Harris,1,,,made,,free throw 2/2,,,,,,Harris Free Throw 2 of 2 (2 PTS)
22100478,2021-22 Regular Season,2021-12-23,Gorgui Dieng,John Collins,Cam Reddish,Bogdan Bogdanovic,Delon Wright,Joel Embiid,Tyrese Maxey,Seth Curry,Isaiah Joe,Tobias Harris,1,21,11,0:03:06,0:08:54,0:00:09,64,ATL,shot,,,,,,,,,,Bogdan Bogdanovic,0,,,missed,,3pt pullup jump shot,27,-118,239,36.8,28.900000000000002,MISS Bogdanovic 27' 3PT Pullup Jump Shot
22100478,2021-22 Regular Season,2021-12-23,Gorgui Dieng,John Collins,Cam Reddish,Bogdan Bogdanovic,Delon Wright,Joel Embiid,Tyrese Maxey,Seth Curry,Isaiah Joe,Tobias Harris,1,21,11,0:03:02,0:08:58,0:00:04,65,ATL,rebound,,,,,,,,,,Delon Wright,,,,,,rebound offensive,,,,,,Wright REBOUND (Off:1 Def:2)
22100478,2021-22 Regular Season,2021-12-23,Gorgui Dieng,John Collins,Cam Reddish,Bogdan Bogdanovic,Delon Wright,Joel Embiid,Tyrese Maxey,Seth Curry,Isaiah Joe,Tobias Harris,1,24,11,0:02:58,0:09:02,0:00:04,66,ATL,shot,Delon Wright,,,,,,,,,Gorgui Dieng,3,,,made,,3pt jump shot,26,82,246,16.799999999999997,29.6,Dieng 26' 3PT Jump Shot (3 PTS) (Wright 2 AST)
22100478,2021-22 Regular Season,2021-12-23,Gorgui Dieng,John Collins,Cam Reddish,Bogdan Bogdanovic,Delon Wright,Joel Embiid,Tyrese Maxey,Seth Curry,Isaiah Joe,Tobias Harris,1,24,13,0:02:34,0:09:26,0:00:24,67,PHI,shot,Seth Curry,,,,,,,,,Tyrese Maxey,2,,,made,,driving floating jump shot,5,44,-13,29.4,90.3,Maxey 5' Driving Floating Jump Shot (4 PTS) (Curry 1 AST)
22100478,2021-22 Regular Season,2021-12-23,Gorgui Dieng,John Collins,Cam Reddish,Bogdan Bogdanovic,Delon Wright,Joel Embiid,Tyrese Maxey,Seth Curry,Isaiah Joe,Tobias Harris,1,24,13,0:02:15,0:09:45,0:00:19,68,ATL,shot,,,,,,,,,,Cam Reddish,0,,,missed,,jump shot,13,-134,-9,38.4,4.1,MISS Reddish 13' Running Jump Shot
22100478,2021-22 Regular Season,2021-12-23,Gorgui Dieng,John Collins,Cam Reddish,Bogdan Bogdanovic,Delon Wright,Joel Embiid,Tyrese Maxey,Seth Curry,Isaiah Joe,Tobias Harris,1,24,13,0:02:05,0:09:55,0:00:10,69,ATL,rebound,,,,,,,,,,Gorgui Dieng,,,,,,rebound offensive,,,,,,Dieng REBOUND (Off:1 Def:0)
22100478,2021-22 Regular Season,2021-12-23,Gorgui Dieng,John Collins,Cam Reddish,Bogdan Bogdanovic,Delon Wright,Joel Embiid,Tyrese Maxey,Seth Curry,Isaiah Joe,Tobias Harris,1,26,13,0:02:05,0:09:55,0:00:00,70,ATL,shot,,,,,,,,,,Gorgui Dieng,2,,,made,,layup,0,0,0,25.0,5.0,Dieng Tip Layup Shot (5 PTS)
22100478,2021-22 Regular Season,2021-12-23,Gorgui Dieng,John Collins,Cam Reddish,Bogdan Bogdanovic,Delon Wright,Joel Embiid,Tyrese Maxey,Seth Curry,Isaiah Joe,Tobias Harris,1,26,13,0:01:57,0:10:03,0:00:08,71,PHI,shot,,,,,,,,,,Joel Embiid,0,,,missed,,jump shot,20,192,34,44.2,85.6,MISS Embiid 19' Jump Shot
22100478,2021-22 Regular Season,2021-12-23,Gorgui Dieng,John Collins,Cam Reddish,Bogdan Bogdanovic,Delon Wright,Joel Embiid,Tyrese Maxey,Seth Curry,Isaiah Joe,Tobias Harris,1,26,13,0:01:54,0:10:06,0:00:03,72,ATL,rebound,,,,,,,,,,John Collins,,,,,,rebound defensive,,,,,,Collins REBOUND (Off:0 Def:2)
22100478,2021-22 Regular Season,2021-12-23,Gorgui Dieng,John Collins,Cam Reddish,Bogdan Bogdanovic,Delon Wright,Joel Embiid,Tyrese Maxey,Seth Curry,Isaiah Joe,Tobias Harris,1,26,13,0:01:46,0:10:14,0:00:08,73,PHI,foul,,,,,,,,Gorgui Dieng,,Joel Embiid,,,s.foul,,,shooting,,,,,,Embiid S.FOUL (P1.T2) (J.Williams)
22100478,2021-22 Regular Season,2021-12-23,Gorgui Dieng,John Collins,Cam Reddish,Bogdan Bogdanovic,Delon Wright,Joel Embiid,Tyrese Maxey,Seth Curry,Isaiah Joe,Tobias Harris,1,26,13,0:01:46,0:10:14,0:00:00,74,ATL,timeout,,,,,,,,,,,,,,,,timeout: regular,,,,,,Hawks Timeout: Regular (Reg.1 Short 0)
22100478,2021-22 Regular Season,2021-12-23,Gorgui Dieng,John Collins,Cam Reddish,Bogdan Bogdanovic,Delon Wright,Charles Bassey,Tyrese Maxey,Seth Curry,Isaiah Joe,Tobias Harris,1,26,13,0:01:46,0:10:14,0:00:00,75,PHI,substitution,,,,,Charles Bassey,Joel Embiid,,,,Joel Embiid,,,,,,sub,,,,,,SUB: Bassey FOR Embiid
22100478,2021-22 Regular Season,2021-12-23,Gorgui Dieng,John Collins,Wes Iwundu,Bogdan Bogdanovic,Delon Wright,Charles Bassey,Tyrese Maxey,Seth Curry,Isaiah Joe,Tobias Harris,1,26,13,0:01:46,0:10:14,0:00:00,76,ATL,substitution,,,,,Wes Iwundu,Cam Reddish,,,,Cam Reddish,,,,,,sub,,,,,,SUB: Iwundu FOR Reddish
22100478,2021-22 Regular Season,2021-12-23,Gorgui Dieng,John Collins,Cam Reddish,Bogdan Bogdanovic,Delon Wright,Joel Embiid,Tyrese Maxey,Seth Curry,Isaiah Joe,Tobias Harris,1,27,13,0:01:46,0:10:14,0:00:00,77,ATL,free throw,,,,,,,1,,2,Gorgui Dieng,1,,,made,,free throw 1/2,,,,,,Dieng Free Throw 1 of 2 (6 PTS)
22100478,2021-22 Regular Season,2021-12-23,Gorgui Dieng,John Collins,Cam Reddish,Bogdan Bogdanovic,Delon Wright,Joel Embiid,Tyrese Maxey,Seth Curry,Isaiah Joe,Tobias Harris,1,28,13,0:01:46,0:10:14,0:00:00,78,ATL,free throw,,,,,,,2,,2,Gorgui Dieng,1,,,made,,free throw 2/2,,,,,,Dieng Free Throw 2 of 2 (7 PTS)
22100478,2021-22 Regular Season,2021-12-23,Gorgui Dieng,John Collins,Wes Iwundu,Bogdan Bogdanovic,Delon Wright,Charles Bassey,Tyrese Maxey,Seth Curry,Isaiah Joe,Tobias Harris,1,28,13,0:01:31,0:10:29,0:00:15,79,PHI,shot,,,,,,,,,,Seth Curry,0,,,missed,,jump shot,18,102,151,35.2,73.9,MISS Curry 18' Pullup Jump Shot
22100478,2021-22 Regular Season,2021-12-23,Gorgui Dieng,John Collins,Wes Iwundu,Bogdan Bogdanovic,Delon Wright,Charles Bassey,Tyrese Maxey,Seth Curry,Isaiah Joe,Tobias Harris,1,28,13,0:01:28,0:10:32,0:00:03,80,ATL,rebound,,,,,,,,,,Bogdan Bogdanovic,,,,,,rebound defensive,,,,,,Bogdanovic REBOUND (Off:0 Def:1)
22100478,2021-22 Regular Season,2021-12-23,Gorgui Dieng,John Collins,Wes Iwundu,Bogdan Bogdanovic,Delon Wright,Charles Bassey,Tyrese Maxey,Seth Curry,Isaiah Joe,Tobias Harris,1,30,13,0:01:08,0:10:52,0:00:20,81,ATL,shot,Gorgui Dieng,,,,,,,,,Wes Iwundu,2,,,made,,jump shot,17,-143,92,39.3,14.200000000000001,Iwundu 17' Pullup Jump Shot (2 PTS) (Dieng 1 AST)
22100478,2021-22 Regular Season,2021-12-23,Gorgui Dieng,John Collins,Wes Iwundu,Bogdan Bogdanovic,Delon Wright,Charles Bassey,Tyrese Maxey,Seth Curry,Isaiah Joe,Tobias Harris,1,30,13,0:00:39,0:11:21,0:00:29,82,PHI,shot,,,,,,,,,,Tyrese Maxey,0,,,missed,,3pt jump shot,28,108,260,35.8,63.0,MISS Maxey 28' 3PT Jump Shot
22100478,2021-22 Regular Season,2021-12-23,Gorgui Dieng,John Collins,Wes Iwundu,Bogdan Bogdanovic,Delon Wright,Charles Bassey,Tyrese Maxey,Seth Curry,Isaiah Joe,Tobias Harris,1,30,13,0:00:37,0:11:23,0:00:02,83,ATL,rebound,,,,,,,,,,Bogdan Bogdanovic,,,,,,rebound defensive,,,,,,Bogdanovic REBOUND (Off:0 Def:2)
22100478,2021-22 Regular Season,2021-12-23,Gorgui Dieng,John Collins,Wes Iwundu,Bogdan Bogdanovic,Delon Wright,Charles Bassey,Tyrese Maxey,Seth Curry,Isaiah Joe,Tobias Harris,1,30,13,0:00:37,0:11:23,0:00:00,84,PHI,foul,,,,,,,,Bogdan Bogdanovic,,Seth Curry,,,personal take foul,,,personal take,,,,,,Curry Personal Take Foul (P2.PN) (M.Smith)
22100478,2021-22 Regular Season,2021-12-23,Gorgui Dieng,John Collins,Wes Iwundu,Bogdan Bogdanovic,Delon Wright,Charles Bassey,Tyrese Maxey,Seth Curry,Isaiah Joe,Tobias Harris,1,31,13,0:00:37,0:11:23,0:00:00,85,ATL,free throw,,,,,,,1,,2,Bogdan Bogdanovic,1,,,made,,free throw 1/2,,,,,,Bogdanovic Free Throw 1 of 2 (1 PTS)
22100478,2021-22 Regular Season,2021-12-23,Gorgui Dieng,John Collins,Wes Iwundu,Bogdan Bogdanovic,Delon Wright,Charles Bassey,Tyrese Maxey,Seth Curry,Isaiah Joe,Paul Reed,1,31,13,0:00:37,0:11:23,0:00:00,86,PHI,substitution,,,,,Paul Reed,Tobias Harris,,,,Tobias Harris,,,,,,sub,,,,,,SUB: Reed FOR Harris
22100478,2021-22 Regular Season,2021-12-23,Gorgui Dieng,John Collins,Wes Iwundu,Bogdan Bogdanovic,Delon Wright,Charles Bassey,Tyrese Maxey,Tyler Johnson,Isaiah Joe,Paul Reed,1,31,13,0:00:37,0:11:23,0:00:00,87,PHI,substitution,,,,,Tyler Johnson,Seth Curry,,,,Seth Curry,,,,,,sub,,,,,,SUB: Johnson FOR Curry
22100478,2021-22 Regular Season,2021-12-23,Gorgui Dieng,John Collins,Wes Iwundu,Bogdan Bogdanovic,Delon Wright,Charles Bassey,Tyrese Maxey,Seth Curry,Isaiah Joe,Tobias Harris,1,32,13,0:00:37,0:11:23,0:00:00,88,ATL,free throw,,,,,,,2,,2,Bogdan Bogdanovic,1,,,made,,free throw 2/2,,,,,,Bogdanovic Free Throw 2 of 2 (2 PTS)
22100478,2021-22 Regular Season,2021-12-23,Gorgui Dieng,John Collins,Wes Iwundu,Bogdan Bogdanovic,Delon Wright,Charles Bassey,Tyrese Maxey,Tyler Johnson,Isaiah Joe,Paul Reed,1,32,15,0:00:28,0:11:32,0:00:09,89,PHI,shot,Charles Bassey,,,,,,,,,Tyrese Maxey,2,,,made,,jump shot,5,49,13,29.9,87.7,Maxey 5' Pullup Jump Shot (6 PTS) (Bassey 1 AST)
22100478,2021-22 Regular Season,2021-12-23,Gorgui Dieng,John Collins,Wes Iwundu,Bogdan Bogdanovic,Delon Wright,Charles Bassey,Tyrese Maxey,Tyler Johnson,Isaiah Joe,Paul Reed,1,32,15,0:00:08,0:11:52,0:00:20,90,ATL,shot,,,,,,,,,,Bogdan Bogdanovic,0,,,missed,,driving layup,4,31,33,21.9,8.3,MISS Bogdanovic 5' Driving Layup
22100478,2021-22 Regular Season,2021-12-23,Gorgui Dieng,John Collins,Wes Iwundu,Bogdan Bogdanovic,Delon Wright,Charles Bassey,Tyrese Maxey,Tyler Johnson,Isaiah Joe,Paul Reed,1,32,15,0:00:06,0:11:54,0:00:02,91,PHI,rebound,,,,,,,,,,Tyler Johnson,,,,,,rebound defensive,,,,,,Johnson REBOUND (Off:0 Def:1)
22100478,2021-22 Regular Season,2021-12-23,Gorgui Dieng,John Collins,Wes Iwundu,Bogdan Bogdanovic,Delon Wright,Charles Bassey,Tyrese Maxey,Tyler Johnson,Isaiah Joe,Paul Reed,1,32,18,0:00:00,0:12:00,0:00:06,92,PHI,shot,,,,,,,,,,Tyrese Maxey,3,,,made,,3pt step back jump shot,24,214,110,46.400000000000006,78.0,Maxey 24' 3PT Step Back Jump Shot (9 PTS)
22100478,2021-22 Regular Season,2021-12-23,Gorgui Dieng,John Collins,Wes Iwundu,Bogdan Bogdanovic,Delon Wright,Charles Bassey,Tyrese Maxey,Tyler Johnson,Isaiah Joe,Paul Reed,1,32,18,0:00:00,0:12:00,0:00:00,93,,end of period,,,,,,,,,,,,,,,,end of period,,,,,,
22100478,2021-22 Regular Season,2021-12-23,Bogdan Bogdanovic,Lance Stephenson,Gorgui Dieng,Wes Iwundu,Jalen Johnson,Charles Bassey,Isaiah Joe,Tyrese Maxey,Tyler Johnson,Paul Reed,2,32,18,0:12:00,0:00:00,0:00:00,94,,start of period,,,,,,,,,,,,,,,,start of period,,,,,,
22100478,2021-22 Regular Season,2021-12-23,Bogdan Bogdanovic,Lance Stephenson,Gorgui Dieng,Wes Iwundu,Jalen Johnson,Charles Bassey,Isaiah Joe,Tyrese Maxey,Tyler Johnson,Paul Reed,2,32,18,0:11:46,0:00:14,0:00:14,95,ATL,shot,,,,,,,,,,Bogdan Bogdanovic,0,,,missed,,fadeaway jumper,12,-38,113,28.8,16.3,MISS Bogdanovic 12' Fadeaway Jumper
22100478,2021-22 Regular Season,2021-12-23,Bogdan Bogdanovic,Lance Stephenson,Gorgui Dieng,Wes Iwundu,Jalen Johnson,Charles Bassey,Isaiah Joe,Tyrese Maxey,Tyler Johnson,Paul Reed,2,32,18,0:11:43,0:00:17,0:00:03,96,PHI,rebound,,,,,,,,,,Charles Bassey,,,,,,rebound defensive,,,,,,Bassey REBOUND (Off:0 Def:1)
22100478,2021-22 Regular Season,2021-12-23,Bogdan Bogdanovic,Lance Stephenson,Gorgui Dieng,Wes Iwundu,Jalen Johnson,Charles Bassey,Isaiah Joe,Tyrese Maxey,Tyler Johnson,Paul Reed,2,32,18,0:11:29,0:00:31,0:00:14,97,ATL,foul,,,,,,,,Isaiah Joe,,Lance Stephenson,,,s.foul,,,shooting,,,,,,Stephenson S.FOUL (P1.T1) (A.Smith)
22100478,2021-22 Regular Season,2021-12-23,Bogdan Bogdanovic,Lance Stephenson,Gorgui Dieng,Wes Iwundu,Jalen Johnson,Charles Bassey,Isaiah Joe,Tyrese Maxey,Tyler Johnson,Paul Reed,2,32,19,0:11:29,0:00:31,0:00:00,98,PHI,free throw,,,,,,,1,,3,Isaiah Joe,1,,,made,,free throw 1/3,,,,,,Joe Free Throw 1 of 3 (1 PTS)
22100478,2021-22 Regular Season,2021-12-23,Bogdan Bogdanovic,Lance Stephenson,Gorgui Dieng,Wes Iwundu,Jalen Johnson,Charles Bassey,Isaiah Joe,Tyrese Maxey,Tyler Johnson,Paul Reed,2,32,20,0:11:29,0:00:31,0:00:00,99,PHI,free throw,,,,,,,2,,3,Isaiah Joe,1,,,made,,free throw 2/3,,,,,,Joe Free Throw 2 of 3 (2 PTS)
22100478,2021-22 Regular Season,2021-12-23,Bogdan Bogdanovic,Lance Stephenson,Gorgui Dieng,Wes Iwundu,Jalen Johnson,Charles Bassey,Isaiah Joe,Tyrese Maxey,Tyler Johnson,Paul Reed,2,32,21,0:11:29,0:00:31,0:00:00,100,PHI,free throw,,,,,,,3,,3,Isaiah Joe,1,,,made,,free throw 3/3,,,,,,Joe Free Throw 3 of 3 (3 PTS)
22100478,2021-22 Regular Season,2021-12-23,Bogdan Bogdanovic,Lance Stephenson,Gorgui Dieng,Wes Iwundu,Jalen Johnson,Charles Bassey,Isaiah Joe,Tyrese Maxey,Tyler Johnson,Paul Reed,2,32,21,0:11:14,0:00:46,0:00:15,101,PHI,foul,,,,,,,,Gorgui Dieng,,Charles Bassey,,,s.foul,,,shooting,,,,,,Bassey S.FOUL (P1.T1) (M.Smith)
22100478,2021-22 Regular Season,2021-12-23,Bogdan Bogdanovic,Lance Stephenson,Gorgui Dieng,Wes Iwundu,Jalen Johnson,Charles Bassey,Isaiah Joe,Tyrese Maxey,Tyler Johnson,Paul Reed,2,33,21,0:11:14,0:00:46,0:00:00,102,ATL,free throw,,,,,,,1,,2,Gorgui Dieng,1,,,made,,free throw 1/2,,,,,,Dieng Free Throw 1 of 2 (8 PTS)
22100478,2021-22 Regular Season,2021-12-23,Bogdan Bogdanovic,Lance Stephenson,Gorgui Dieng,Wes Iwundu,Jalen Johnson,Charles Bassey,Isaiah Joe,Tyrese Maxey,Tyler Johnson,Paul Reed,2,34,21,0:11:14,0:00:46,0:00:00,103,ATL,free throw,,,,,,,2,,2,Gorgui Dieng,1,,,made,,free throw 2/2,,,,,,Dieng Free Throw 2 of 2 (9 PTS)
22100478,2021-22 Regular Season,2021-12-23,Bogdan Bogdanovic,Lance Stephenson,Gorgui Dieng,Wes Iwundu,Jalen Johnson,Charles Bassey,Isaiah Joe,Tyrese Maxey,Tyler Johnson,Paul Reed,2,34,21,0:11:00,0:01:00,0:00:14,104,PHI,shot,,,,,,,,,,Isaiah Joe,0,,,missed,,3pt jump shot,26,86,240,33.6,65.0,MISS Joe 25' 3PT Jump Shot
22100478,2021-22 Regular Season,2021-12-23,Bogdan Bogdanovic,Lance Stephenson,Gorgui Dieng,Wes Iwundu,Jalen Johnson,Charles Bassey,Isaiah Joe,Tyrese Maxey,Tyler Johnson,Paul Reed,2,34,21,0:10:55,0:01:05,0:00:05,105,ATL,rebound,,,,,,,,,,Bogdan Bogdanovic,,,,,,rebound defensive,,,,,,Bogdanovic REBOUND (Off:0 Def:3)
22100478,2021-22 Regular Season,2021-12-23,Bogdan Bogdanovic,Lance Stephenson,Gorgui Dieng,Wes Iwundu,Jalen Johnson,Charles Bassey,Isaiah Joe,Tyrese Maxey,Tyler Johnson,Paul Reed,2,34,21,0:10:50,0:01:10,0:00:05,106,ATL,shot,,,,,,,,,,Lance Stephenson,0,,,missed,,3pt jump shot,26,61,254,18.9,30.400000000000002,MISS Stephenson 26' 3PT Jump Shot
22100478,2021-22 Regular Season,2021-12-23,Bogdan Bogdanovic,Lance Stephenson,Gorgui Dieng,Wes Iwundu,Jalen Johnson,Charles Bassey,Isaiah Joe,Tyrese Maxey,Tyler Johnson,Paul Reed,2,34,21,0:10:48,0:01:12,0:00:02,107,PHI,rebound,,,,,,,,,,Charles Bassey,,,,,,rebound defensive,,,,,,Bassey REBOUND (Off:0 Def:2)
22100478,2021-22 Regular Season,2021-12-23,Bogdan Bogdanovic,Lance Stephenson,Gorgui Dieng,Wes Iwundu,Jalen Johnson,Charles Bassey,Isaiah Joe,Tyrese Maxey,Tyler Johnson,Paul Reed,2,34,21,0:10:41,0:01:19,0:00:07,108,ATL,foul,,,,,,,,Tyrese Maxey,,Gorgui Dieng,,,s.foul,,,shooting,,,,,,Dieng S.FOUL (P1.T2) (M.Smith)
22100478,2021-22 Regular Season,2021-12-23,Bogdan Bogdanovic,Lance Stephenson,Gorgui Dieng,Wes Iwundu,Jalen Johnson,Charles Bassey,Isaiah Joe,Tyrese Maxey,Tyler Johnson,Paul Reed,2,34,21,0:10:41,0:01:19,0:00:00,109,PHI,free throw,,,,,,,1,,2,Tyrese Maxey,0,,,missed,,free throw 1/2,,,,,,MISS Maxey Free Throw 1 of 2
22100478,2021-22 Regular Season,2021-12-23,Bogdan Bogdanovic,Lance Stephenson,Gorgui Dieng,Wes Iwundu,Jalen Johnson,Charles Bassey,Isaiah Joe,Tyrese Maxey,Tyler Johnson,Paul Reed,2,34,21,0:10:41,0:01:19,0:00:00,110,PHI,rebound,,,,,,,,,,,,,,,,team rebound,,,,,,76ERS Rebound
22100478,2021-22 Regular Season,2021-12-23,Cam Reddish,Lance Stephenson,Gorgui Dieng,Wes Iwundu,Jalen Johnson,Charles Bassey,Isaiah Joe,Tyrese Maxey,Tyler Johnson,Paul Reed,2,34,21,0:10:41,0:01:19,0:00:00,111,ATL,substitution,,,,,Cam Reddish,Bogdan Bogdanovic,,,,Bogdan Bogdanovic,,,,,,sub,,,,,,SUB: Reddish FOR Bogdanovic
22100478,2021-22 Regular Season,2021-12-23,Bogdan Bogdanovic,Lance Stephenson,Gorgui Dieng,Wes Iwundu,Jalen Johnson,Charles Bassey,Isaiah Joe,Tyrese Maxey,Tyler Johnson,Paul Reed,2,34,22,0:10:41,0:01:19,0:00:00,112,PHI,free throw,,,,,,,2,,2,Tyrese Maxey,1,,,made,,free throw 2/2,,,,,,Maxey Free Throw 2 of 2 (10 PTS)
22100478,2021-22 Regular Season,2021-12-23,Cam Reddish,Lance Stephenson,Gorgui Dieng,Wes Iwundu,Jalen Johnson,Charles Bassey,Isaiah Joe,Tyrese Maxey,Tyler Johnson,Paul Reed,2,34,22,0:10:17,0:01:43,0:00:24,113,ATL,turnover,,,,,,,,,,,,,,,,shot clock,,,,,,Hawks Turnover: Shot Clock (T#1)
22100478,2021-22 Regular Season,2021-12-23,Cam Reddish,Lance Stephenson,Gorgui Dieng,Skylar Mays,Jalen Johnson,Charles Bassey,Isaiah Joe,Tyrese Maxey,Tyler Johnson,Paul Reed,2,34,22,0:10:17,0:01:43,0:00:00,114,ATL,substitution,,,,,Skylar Mays,Wes Iwundu,,,,Wes Iwundu,,,,,,sub,,,,,,SUB: Mays FOR Iwundu
22100478,2021-22 Regular Season,2021-12-23,Cam Reddish,Lance Stephenson,Gorgui Dieng,Skylar Mays,Jalen Johnson,Charles Bassey,Isaiah Joe,Tyrese Maxey,Tyler Johnson,Paul Reed,2,34,22,0:10:09,0:01:51,0:00:08,115,ATL,technical foul,,,,,,,,,,Gorgui Dieng,,,,,,defensive 3 seconds,,,,,,Hawks T.Foul (Def. 3 Sec Dieng ) (M.Smith)
22100478,2021-22 Regular Season,2021-12-23,Cam Reddish,Lance Stephenson,Gorgui Dieng,Skylar Mays,Jalen Johnson,Charles Bassey,Isaiah Joe,Tyrese Maxey,Tyler Johnson,Paul Reed,2,34,23,0:10:09,0:01:51,0:00:00,116,PHI,free throw,,,,,,,1,,1,Tyrese Maxey,1,,,made,,free throw technical,,,,,,Maxey Free Throw Technical (11 PTS)
22100478,2021-22 Regular Season,2021-12-23,Cam Reddish,Lance Stephenson,Gorgui Dieng,Skylar Mays,Jalen Johnson,Charles Bassey,Isaiah Joe,Tyrese Maxey,Tyler Johnson,Paul Reed,2,34,23,0:10:00,0:02:00,0:00:09,117,PHI,shot,,,,,,,,,,Isaiah Joe,0,,,missed,,3pt jump shot,25,-246,11,0.3999999999999986,87.9,MISS Joe 25' 3PT Jump Shot
22100478,2021-22 Regular Season,2021-12-23,Cam Reddish,Lance Stephenson,Gorgui Dieng,Skylar Mays,Jalen Johnson,Charles Bassey,Isaiah Joe,Tyrese Maxey,Tyler Johnson,Paul Reed,2,34,23,0:09:57,0:02:03,0:00:03,118,ATL,rebound,,,,,,,,,,Gorgui Dieng,,,,,,rebound defensive,,,,,,Dieng REBOUND (Off:1 Def:1)
22100478,2021-22 Regular Season,2021-12-23,Cam Reddish,Lance Stephenson,Gorgui Dieng,Skylar Mays,Jalen Johnson,Charles Bassey,Isaiah Joe,Tyrese Maxey,Tyler Johnson,Paul Reed,2,34,23,0:09:46,0:02:14,0:00:11,119,ATL,shot,,,,,,,,,,Cam Reddish,0,,,missed,,3pt jump shot,24,-234,65,48.400000000000006,11.5,MISS Reddish 24' 3PT Jump Shot
22100478,2021-22 Regular Season,2021-12-23,Cam Reddish,Lance Stephenson,Gorgui Dieng,Skylar Mays,Jalen Johnson,Charles Bassey,Isaiah Joe,Tyrese Maxey,Tyler Johnson,Paul Reed,2,34,23,0:09:43,0:02:17,0:00:03,120,PHI,rebound,,,,,,,,,,Tyler Johnson,,,,,,rebound defensive,,,,,,Johnson REBOUND (Off:0 Def:2)
22100478,2021-22 Regular Season,2021-12-23,Cam Reddish,Lance Stephenson,Gorgui Dieng,Skylar Mays,Jalen Johnson,Charles Bassey,Isaiah Joe,Tyrese Maxey,Tyler Johnson,Paul Reed,2,34,23,0:09:40,0:02:20,0:00:03,121,PHI,shot,,,,,,,,,,Tyrese Maxey,0,,,missed,,3pt running pull-up jump shot,26,186,179,43.6,71.1,MISS Maxey 26' 3PT Running Pull-Up Jump Shot
22100478,2021-22 Regular Season,2021-12-23,Cam Reddish,Lance Stephenson,Gorgui Dieng,Skylar Mays,Jalen Johnson,Charles Bassey,Isaiah Joe,Tyrese Maxey,Tyler Johnson,Paul Reed,2,34,23,0:09:36,0:02:24,0:00:04,122,ATL,rebound,,,,,,,,,,Lance Stephenson,,,,,,rebound defensive,,,,,,Stephenson REBOUND (Off:0 Def:1)
22100478,2021-22 Regular Season,2021-12-23,Cam Reddish,Lance Stephenson,Gorgui Dieng,Skylar Mays,Jalen Johnson,Charles Bassey,Isaiah Joe,Tyrese Maxey,Tyler Johnson,Paul Reed,2,36,23,0:09:32,0:02:28,0:00:04,123,ATL,shot,,,,,,,,,,Cam Reddish,2,,,made,,layup,1,-2,11,25.2,6.1,Reddish 1' Running Layup (8 PTS)
22100478,2021-22 Regular Season,2021-12-23,Cam Reddish,Lance Stephenson,Gorgui Dieng,Skylar Mays,Jalen Johnson,Charles Bassey,Isaiah Joe,Tyrese Maxey,Tyler Johnson,Paul Reed,2,36,23,0:09:19,0:02:41,0:00:13,124,PHI,shot,,,,,,,,,,Tyler Johnson,0,,,missed,,3pt jump shot,26,167,193,41.7,69.7,MISS Johnson 26' 3PT Jump Shot
22100478,2021-22 Regular Season,2021-12-23,Cam Reddish,Lance Stephenson,Gorgui Dieng,Skylar Mays,Jalen Johnson,Charles Bassey,Isaiah Joe,Tyrese Maxey,Tyler Johnson,Paul Reed,2,36,23,0:09:11,0:02:49,0:00:08,125,PHI,rebound,,,,,,,,,,Tyler Johnson,,,,,,rebound offensive,,,,,,Johnson REBOUND (Off:1 Def:2)
22100478,2021-22 Regular Season,2021-12-23,Cam Reddish,Lance Stephenson,Gorgui Dieng,Skylar Mays,Jalen Johnson,Charles Bassey,Isaiah Joe,Tyrese Maxey,Tyler Johnson,Paul Reed,2,36,23,0:09:08,0:02:52,0:00:03,126,PHI,shot,,,,,,,,,,Tyler Johnson,0,,,missed,,3pt jump shot,26,158,205,40.8,68.5,MISS Johnson 26' 3PT Jump Shot
22100478,2021-22 Regular Season,2021-12-23,Cam Reddish,Lance Stephenson,Gorgui Dieng,Skylar Mays,Jalen Johnson,Charles Bassey,Isaiah Joe,Tyrese Maxey,Tyler Johnson,Paul Reed,2,36,23,0:09:03,0:02:57,0:00:05,127,ATL,rebound,,,,,,,,,,Gorgui Dieng,,,,,,rebound defensive,,,,,,Dieng REBOUND (Off:1 Def:2)
22100478,2021-22 Regular Season,2021-12-23,Cam Reddish,Lance Stephenson,Gorgui Dieng,Skylar Mays,Jalen Johnson,Charles Bassey,Isaiah Joe,Tyrese Maxey,Tyler Johnson,Paul Reed,2,36,23,0:08:58,0:03:02,0:00:05,128,ATL,shot,,,,,,,,,,Gorgui Dieng,0,,,missed,,3pt jump shot,27,-69,262,31.9,31.200000000000003,MISS Dieng 27' 3PT Jump Shot
22100478,2021-22 Regular Season,2021-12-23,Cam Reddish,Lance Stephenson,Gorgui Dieng,Skylar Mays,Jalen Johnson,Charles Bassey,Isaiah Joe,Tyrese Maxey,Tyler Johnson,Paul Reed,2,36,23,0:08:54,0:03:06,0:00:04,129,PHI,rebound,,,,,,,,,,Isaiah Joe,,,,,,rebound defensive,,,,,,Joe REBOUND (Off:0 Def:1)
22100478,2021-22 Regular Season,2021-12-23,Cam Reddish,Lance Stephenson,Gorgui Dieng,Skylar Mays,Jalen Johnson,Charles Bassey,Isaiah Joe,Tyrese Maxey,Tyler Johnson,Paul Reed,2,36,26,0:08:50,0:03:10,0:00:04,130,PHI,shot,Isaiah Joe,,,,,,,,,Tyler Johnson,3,,,made,,3pt jump shot,24,221,94,47.1,79.6,Johnson 24' 3PT Jump Shot (3 PTS) (Joe 1 AST)
22100478,2021-22 Regular Season,2021-12-23,Cam Reddish,Lance Stephenson,Gorgui Dieng,Skylar Mays,Jalen Johnson,Charles Bassey,Isaiah Joe,Tyrese Maxey,Tyler Johnson,Paul Reed,2,36,26,0:08:41,0:03:19,0:00:09,131,ATL,shot,,,,,,,,,,Jalen Johnson,0,,,missed,,hook shot,4,-38,20,28.8,7.0,MISS Johnson 4' Driving Hook Shot
22100478,2021-22 Regular Season,2021-12-23,Cam Reddish,Lance Stephenson,Gorgui Dieng,Skylar Mays,Jalen Johnson,Charles Bassey,Isaiah Joe,Tyrese Maxey,Tyler Johnson,Paul Reed,2,36,26,0:08:39,0:03:21,0:00:02,132,PHI,rebound,,,,,,,,,,Paul Reed,,,,,,rebound defensive,,,,,,Reed REBOUND (Off:0 Def:1)
22100478,2021-22 Regular Season,2021-12-23,Cam Reddish,Lance Stephenson,Gorgui Dieng,Skylar Mays,Jalen Johnson,Charles Bassey,Isaiah Joe,Tyrese Maxey,Tyler Johnson,Paul Reed,2,36,26,0:08:30,0:03:30,0:00:09,133,PHI,shot,,,,,,,,,,Tyrese Maxey,0,,,missed,,layup,3,34,4,28.4,88.6,MISS Maxey 3' Driving Finger Roll Layup
22100478,2021-22 Regular Season,2021-12-23,Cam Reddish,Lance Stephenson,Gorgui Dieng,Skylar Mays,Jalen Johnson,Charles Bassey,Isaiah Joe,Tyrese Maxey,Tyler Johnson,Paul Reed,2,36,26,0:08:30,0:03:30,0:00:00,134,PHI,rebound,,,,,,,,,,Charles Bassey,,,,,,rebound offensive,,,,,,Bassey REBOUND (Off:1 Def:2)
22100478,2021-22 Regular Season,2021-12-23,Cam Reddish,Lance Stephenson,Gorgui Dieng,Skylar Mays,Jalen Johnson,Charles Bassey,Isaiah Joe,Tyrese Maxey,Tyler Johnson,Paul Reed,2,36,26,0:08:30,0:03:30,0:00:00,135,ATL,foul,,,,,,,,Charles Bassey,,Jalen Johnson,,,s.foul,,,shooting,,,,,,Johnson S.FOUL (P1.T3) (A.Smith)
22100478,2021-22 Regular Season,2021-12-23,Cam Reddish,Lance Stephenson,Gorgui Dieng,Skylar Mays,Jalen Johnson,Charles Bassey,Isaiah Joe,Tyrese Maxey,Tyler Johnson,Paul Reed,2,36,27,0:08:30,0:03:30,0:00:00,136,PHI,free throw,,,,,,,1,,2,Charles Bassey,1,,,made,,free throw 1/2,,,,,,Bassey Free Throw 1 of 2 (1 PTS)
22100478,2021-22 Regular Season,2021-12-23,Cam Reddish,Lance Stephenson,Gorgui Dieng,Skylar Mays,Jalen Johnson,Charles Bassey,Furkan Korkmaz,Tyrese Maxey,Tyler Johnson,Paul Reed,2,36,27,0:08:30,0:03:30,0:00:00,137,PHI,substitution,,,,,Furkan Korkmaz,Isaiah Joe,,,,Isaiah Joe,,,,,,sub,,,,,,SUB: Korkmaz FOR Joe
22100478,2021-22 Regular Season,2021-12-23,Cam Reddish,Lance Stephenson,Gorgui Dieng,Skylar Mays,Jalen Johnson,Charles Bassey,Isaiah Joe,Tyrese Maxey,Tyler Johnson,Paul Reed,2,36,28,0:08:30,0:03:30,0:00:00,138,PHI,free throw,,,,,,,2,,2,Charles Bassey,1,,,made,,free throw 2/2,,,,,,Bassey Free Throw 2 of 2 (2 PTS)
22100478,2021-22 Regular Season,2021-12-23,Cam Reddish,Lance Stephenson,Gorgui Dieng,Skylar Mays,Jalen Johnson,Charles Bassey,Furkan Korkmaz,Tyrese Maxey,Tyler Johnson,Paul Reed,2,36,28,0:08:07,0:03:53,0:00:23,139,ATL,shot,,,,Charles Bassey,,,,,,Gorgui Dieng,0,,,missed,,3pt jump shot,25,-214,122,46.400000000000006,17.200000000000003,Bassey BLOCK (1 BLK): MISS Dieng 25' 3PT Jump Shot
22100478,2021-22 Regular Season,2021-12-23,Cam Reddish,Lance Stephenson,Gorgui Dieng,Skylar Mays,Jalen Johnson,Charles Bassey,Furkan Korkmaz,Tyrese Maxey,Tyler Johnson,Paul Reed,2,36,28,0:08:06,0:03:54,0:00:01,140,ATL,rebound,,,,,,,,,,Skylar Mays,,,,,,rebound offensive,,,,,,Mays REBOUND (Off:2 Def:4)
22100478,2021-22 Regular Season,2021-12-23,Cam Reddish,Lance Stephenson,Gorgui Dieng,Skylar Mays,Jalen Johnson,Charles Bassey,Furkan Korkmaz,Tyrese Maxey,Tyler Johnson,Paul Reed,2,36,28,0:08:06,0:03:54,0:00:00,141,ATL,turnover,,,,,,,,,,,,,,,,shot clock,,,,,,Hawks Turnover: Shot Clock (T#2)
22100478,2021-22 Regular Season,2021-12-23,Cam Reddish,Lance Stephenson,Gorgui Dieng,Skylar Mays,Jalen Johnson,Charles Bassey,Furkan Korkmaz,Tyrese Maxey,Tyler Johnson,Paul Reed,2,36,28,0:07:52,0:04:08,0:00:14,142,PHI,shot,,,,,,,,,,Tyrese Maxey,0,,,missed,,jump shot,20,124,153,37.4,73.7,MISS Maxey 20' Pullup Jump Shot
22100478,2021-22 Regular Season,2021-12-23,Cam Reddish,Lance Stephenson,Gorgui Dieng,Skylar Mays,Jalen Johnson,Charles Bassey,Furkan Korkmaz,Tyrese Maxey,Tyler Johnson,Paul Reed,2,36,28,0:07:48,0:04:12,0:00:04,143,ATL,rebound,,,,,,,,,,Skylar Mays,,,,,,rebound defensive,,,,,,Mays REBOUND (Off:2 Def:5)
22100478,2021-22 Regular Season,2021-12-23,Cam Reddish,Lance Stephenson,Gorgui Dieng,Skylar Mays,Jalen Johnson,Charles Bassey,Furkan Korkmaz,Tyrese Maxey,Tyler Johnson,Paul Reed,2,38,28,0:07:43,0:04:17,0:00:05,144,ATL,shot,Skylar Mays,,,,,,,,,Lance Stephenson,2,,,made,,layup,1,-7,5,25.7,5.5,Stephenson 1' Running Finger Roll Layup (2 PTS) (Mays 1 AST)
22100478,2021-22 Regular Season,2021-12-23,Cam Reddish,Lance Stephenson,Gorgui Dieng,Skylar Mays,Jalen Johnson,Charles Bassey,Furkan Korkmaz,Tyrese Maxey,Tyler Johnson,Paul Reed,2,38,30,0:07:30,0:04:30,0:00:13,145,PHI,shot,Paul Reed,,,,,,,,,Charles Bassey,2,,,made,,floating jump shot,8,-75,-21,17.5,91.1,Bassey 8' Floating Jump Shot (4 PTS) (Reed 1 AST)
22100478,2021-22 Regular Season,2021-12-23,Cam Reddish,Lance Stephenson,Gorgui Dieng,Skylar Mays,Jalen Johnson,Charles Bassey,Furkan Korkmaz,Tyrese Maxey,Tyler Johnson,Paul Reed,2,38,30,0:07:25,0:04:35,0:00:05,146,ATL,timeout,,,,,,,,,,,,,,,,timeout: regular,,,,,,Hawks Timeout: Regular (Reg.2 Short 0)
22100478,2021-22 Regular Season,2021-12-23,Cam Reddish,Lance Stephenson,Gorgui Dieng,Skylar Mays,Jalen Johnson,Charles Bassey,Furkan Korkmaz,Tyrese Maxey,Joel Embiid,Paul Reed,2,38,30,0:07:25,0:04:35,0:00:00,147,PHI,substitution,,,,,Joel Embiid,Tyler Johnson,,,,Tyler Johnson,,,,,,sub,,,,,,SUB: Embiid FOR Johnson
22100478,2021-22 Regular Season,2021-12-23,Cam Reddish,Lance Stephenson,Gorgui Dieng,Skylar Mays,Jalen Johnson,Seth Curry,Furkan Korkmaz,Tyrese Maxey,Joel Embiid,Paul Reed,2,38,30,0:07:25,0:04:35,0:00:00,148,PHI,substitution,,,,,Seth Curry,Charles Bassey,,,,Charles Bassey,,,,,,sub,,,,,,SUB: Curry FOR Bassey
22100478,2021-22 Regular Season,2021-12-23,Cam Reddish,Lance Stephenson,Gorgui Dieng,Skylar Mays,Onyeka Okongwu,Seth Curry,Furkan Korkmaz,Tyrese Maxey,Joel Embiid,Paul Reed,2,38,30,0:07:25,0:04:35,0:00:00,149,ATL,substitution,,,,,Onyeka Okongwu,Jalen Johnson,,,,Jalen Johnson,,,,,,sub,,,,,,SUB: Okongwu FOR Johnson
22100478,2021-22 Regular Season,2021-12-23,Cam Reddish,Lance Stephenson,John Collins,Skylar Mays,Onyeka Okongwu,Seth Curry,Furkan Korkmaz,Tyrese Maxey,Joel Embiid,Paul Reed,2,38,30,0:07:25,0:04:35,0:00:00,150,ATL,substitution,,,,,John Collins,Gorgui Dieng,,,,Gorgui Dieng,,,,,,sub,,,,,,SUB: Collins FOR Dieng
22100478,2021-22 Regular Season,2021-12-23,Cam Reddish,Lance Stephenson,John Collins,Skylar Mays,Onyeka Okongwu,Seth Curry,Furkan Korkmaz,Tyrese Maxey,Joel Embiid,Paul Reed,2,38,30,0:07:08,0:04:52,0:00:17,151,ATL,shot,,,,,,,,,,Skylar Mays,0,,,missed,,3pt jump shot,24,-235,-10,48.5,4.0,MISS Mays 24' 3PT Jump Shot
22100478,2021-22 Regular Season,2021-12-23,Cam Reddish,Lance Stephenson,John Collins,Skylar Mays,Onyeka Okongwu,Seth Curry,Furkan Korkmaz,Tyrese Maxey,Joel Embiid,Paul Reed,2,38,30,0:07:04,0:04:56,0:00:04,152,PHI,rebound,,,,,,,,,,Joel Embiid,,,,,,rebound defensive,,,,,,Embiid REBOUND (Off:0 Def:3)
22100478,2021-22 Regular Season,2021-12-23,Cam Reddish,Lance Stephenson,John Collins,Skylar Mays,Onyeka Okongwu,Seth Curry,Furkan Korkmaz,Tyrese Maxey,Joel Embiid,Paul Reed,2,38,30,0:06:51,0:05:09,0:00:13,153,ATL,foul,,,,,,,,Joel Embiid,,Lance Stephenson,,,s.foul,,,shooting,,,,,,Stephenson S.FOUL (P2.T4) (J.Williams)
22100478,2021-22 Regular Season,2021-12-23,Cam Reddish,Lance Stephenson,John Collins,Skylar Mays,Onyeka Okongwu,Seth Curry,Furkan Korkmaz,Tyrese Maxey,Joel Embiid,Paul Reed,2,38,31,0:06:51,0:05:09,0:00:00,154,PHI,free throw,,,,,,,1,,2,Joel Embiid,1,,,made,,free throw 1/2,,,,,,Embiid Free Throw 1 of 2 (3 PTS)
22100478,2021-22 Regular Season,2021-12-23,Cam Reddish,Lance Stephenson,John Collins,Skylar Mays,Onyeka Okongwu,Seth Curry,Furkan Korkmaz,Tyrese Maxey,Joel Embiid,Paul Reed,2,38,31,0:06:51,0:05:09,0:00:00,155,PHI,free throw,,,,,,,2,,2,Joel Embiid,0,,,missed,,free throw 2/2,,,,,,MISS Embiid Free Throw 2 of 2
22100478,2021-22 Regular Season,2021-12-23,Delon Wright,Lance Stephenson,John Collins,Skylar Mays,Onyeka Okongwu,Seth Curry,Furkan Korkmaz,Tyrese Maxey,Joel Embiid,Paul Reed,2,38,31,0:06:51,0:05:09,0:00:00,156,ATL,substitution,,,,,Delon Wright,Cam Reddish,,,,Cam Reddish,,,,,,sub,,,,,,SUB: Wright FOR Reddish
22100478,2021-22 Regular Season,2021-12-23,Delon Wright,Bogdan Bogdanovic,John Collins,Skylar Mays,Onyeka Okongwu,Seth Curry,Furkan Korkmaz,Tyrese Maxey,Joel Embiid,Paul Reed,2,38,31,0:06:51,0:05:09,0:00:00,157,ATL,substitution,,,,,Bogdan Bogdanovic,Lance Stephenson,,,,Lance Stephenson,,,,,,sub,,,,,,SUB: Bogdanovic FOR Stephenson
22100478,2021-22 Regular Season,2021-12-23,Delon Wright,Bogdan Bogdanovic,John Collins,Skylar Mays,Onyeka Okongwu,Seth Curry,Furkan Korkmaz,Tyrese Maxey,Joel Embiid,Paul Reed,2,38,31,0:06:48,0:05:12,0:00:03,158,ATL,rebound,,,,,,,,,,John Collins,,,,,,rebound defensive,,,,,,Collins REBOUND (Off:0 Def:3)
22100478,2021-22 Regular Season,2021-12-23,Delon Wright,Bogdan Bogdanovic,John Collins,Skylar Mays,Onyeka Okongwu,Seth Curry,Furkan Korkmaz,Tyrese Maxey,Joel Embiid,Paul Reed,2,38,31,0:06:31,0:05:29,0:00:17,159,ATL,shot,,,,,,,,,,Bogdan Bogdanovic,0,,,missed,,fadeaway jumper,16,33,152,21.7,20.200000000000003,MISS Bogdanovic 16' Fadeaway Jumper
22100478,2021-22 Regular Season,2021-12-23,Delon Wright,Bogdan Bogdanovic,John Collins,Skylar Mays,Onyeka Okongwu,Seth Curry,Furkan Korkmaz,Tyrese Maxey,Joel Embiid,Paul Reed,2,38,31,0:06:25,0:05:35,0:00:06,160,PHI,rebound,,,,,,,,,,Seth Curry,,,,,,rebound defensive,,,,,,Curry REBOUND (Off:0 Def:1)
22100478,2021-22 Regular Season,2021-12-23,Delon Wright,Bogdan Bogdanovic,John Collins,Skylar Mays,Onyeka Okongwu,Seth Curry,Furkan Korkmaz,Tyrese Maxey,Joel Embiid,Paul Reed,2,38,31,0:06:10,0:05:50,0:00:15,161,ATL,foul,,,,,,,,Furkan Korkmaz,,John Collins,,,s.foul,,,shooting,,,,,,Collins S.FOUL (P1.PN) (M.Smith)
22100478,2021-22 Regular Season,2021-12-23,Delon Wright,Bogdan Bogdanovic,John Collins,Skylar Mays,Onyeka Okongwu,Seth Curry,Furkan Korkmaz,Tyrese Maxey,Joel Embiid,Paul Reed,2,38,32,0:06:10,0:05:50,0:00:00,162,PHI,free throw,,,,,,,1,,2,Furkan Korkmaz,1,,,made,,free throw 1/2,,,,,,Korkmaz Free Throw 1 of 2 (1 PTS)
22100478,2021-22 Regular Season,2021-12-23,Delon Wright,Bogdan Bogdanovic,John Collins,Skylar Mays,Onyeka Okongwu,Seth Curry,Furkan Korkmaz,Tobias Harris,Joel Embiid,Paul Reed,2,38,32,0:06:10,0:05:50,0:00:00,163,PHI,substitution,,,,,Tobias Harris,Tyrese Maxey,,,,Tyrese Maxey,,,,,,sub,,,,,,SUB: Harris FOR Maxey
22100478,2021-22 Regular Season,2021-12-23,Delon Wright,Bogdan Bogdanovic,John Collins,Skylar Mays,Onyeka Okongwu,Seth Curry,Furkan Korkmaz,Tobias Harris,Joel Embiid,Matisse Thybulle,2,38,32,0:06:10,0:05:50,0:00:00,164,PHI,substitution,,,,,Matisse Thybulle,Paul Reed,,,,Paul Reed,,,,,,sub,,,,,,SUB: Thybulle FOR Reed
22100478,2021-22 Regular Season,2021-12-23,Delon Wright,Bogdan Bogdanovic,John Collins,Skylar Mays,Onyeka Okongwu,Seth Curry,Furkan Korkmaz,Tyrese Maxey,Joel Embiid,Paul Reed,2,38,33,0:06:10,0:05:50,0:00:00,165,PHI,free throw,,,,,,,2,,2,Furkan Korkmaz,1,,,made,,free throw 2/2,,,,,,Korkmaz Free Throw 2 of 2 (2 PTS)
22100478,2021-22 Regular Season,2021-12-23,Delon Wright,Bogdan Bogdanovic,John Collins,Skylar Mays,Onyeka Okongwu,Seth Curry,Furkan Korkmaz,Tobias Harris,Joel Embiid,Matisse Thybulle,2,38,33,0:05:57,0:06:03,0:00:13,166,ATL,foul,,,,,,,,Matisse Thybulle,,John Collins,,,,,,offensive,,,,,,Collins OFF.Foul (P2) (M.Smith)
22100478,2021-22 Regular Season,2021-12-23,Delon Wright,Bogdan Bogdanovic,John Collins,Skylar Mays,Onyeka Okongwu,Seth Curry,Furkan Korkmaz,Tobias Harris,Joel Embiid,Matisse Thybulle,2,38,33,0:05:57,0:06:03,0:00:00,167,ATL,turnover,,,,,,,,,,John Collins,,,offensive foul turnover,,,offensive foul,,,,,,Collins Offensive Foul Turnover (P1.T3)
22100478,2021-22 Regular Season,2021-12-23,Delon Wright,Bogdan Bogdanovic,John Collins,Skylar Mays,Onyeka Okongwu,Seth Curry,Furkan Korkmaz,Tobias Harris,Joel Embiid,Matisse Thybulle,2,38,33,0:05:38,0:06:22,0:00:19,168,PHI,shot,,,,Onyeka Okongwu,,,,,,Joel Embiid,0,,,missed,,driving dunk,4,-37,25,21.3,86.5,MISS Embiid 4' Driving Dunk: Okongwu BLOCK (1 BLK)
22100478,2021-22 Regular Season,2021-12-23,Delon Wright,Bogdan Bogdanovic,John Collins,Skylar Mays,Onyeka Okongwu,Seth Curry,Furkan Korkmaz,Tobias Harris,Joel Embiid,Matisse Thybulle,2,38,33,0:05:36,0:06:24,0:00:02,169,ATL,rebound,,,,,,,,,,Delon Wright,,,,,,rebound defensive,,,,,,Wright REBOUND (Off:1 Def:3)
22100478,2021-22 Regular Season,2021-12-23,Delon Wright,Bogdan Bogdanovic,John Collins,Skylar Mays,Onyeka Okongwu,Seth Curry,Furkan Korkmaz,Tobias Harris,Joel Embiid,Matisse Thybulle,2,38,33,0:05:25,0:06:35,0:00:11,170,PHI,technical foul,,,,,,,,,,Joel Embiid,,,,,,defensive 3 seconds,,,,,,76ERS T.Foul (Def. 3 Sec Embiid ) (M.Smith)
22100478,2021-22 Regular Season,2021-12-23,Delon Wright,Bogdan Bogdanovic,John Collins,Skylar Mays,Onyeka Okongwu,Seth Curry,Furkan Korkmaz,Tobias Harris,Joel Embiid,Matisse Thybulle,2,38,33,0:05:25,0:06:35,0:00:00,171,ATL,free throw,,,,,,,1,,1,Bogdan Bogdanovic,0,,,missed,,free throw technical,,,,,,MISS Bogdanovic Free Throw Technical
22100478,2021-22 Regular Season,2021-12-23,Delon Wright,Bogdan Bogdanovic,John Collins,Skylar Mays,Onyeka Okongwu,Seth Curry,Furkan Korkmaz,Tobias Harris,Joel Embiid,Matisse Thybulle,2,38,33,0:05:25,0:06:35,0:00:00,172,ATL,rebound,,,,,,,,,,,,,,,,team rebound,,,,,,Hawks Rebound
22100478,2021-22 Regular Season,2021-12-23,Delon Wright,Bogdan Bogdanovic,John Collins,Skylar Mays,Onyeka Okongwu,Seth Curry,Furkan Korkmaz,Tobias Harris,Joel Embiid,Matisse Thybulle,2,40,33,0:05:20,0:06:40,0:00:05,173,ATL,shot,Onyeka Okongwu,,,,,,,,,John Collins,2,,,made,,dunk,1,-9,10,25.9,6.0,Collins 1' Alley Oop Dunk (11 PTS) (Okongwu 2 AST)
22100478,2021-22 Regular Season,2021-12-23,Delon Wright,Bogdan Bogdanovic,John Collins,Skylar Mays,Onyeka Okongwu,Seth Curry,Furkan Korkmaz,Tobias Harris,Joel Embiid,Matisse Thybulle,2,40,35,0:05:02,0:06:58,0:00:18,174,PHI,shot,Matisse Thybulle,,,,,,,,,Furkan Korkmaz,2,,,made,,fadeaway jumper,2,23,1,27.3,88.9,Korkmaz 2' Fadeaway Jumper (4 PTS) (Thybulle 2 AST)
22100478,2021-22 Regular Season,2021-12-23,Delon Wright,Bogdan Bogdanovic,John Collins,Skylar Mays,Onyeka Okongwu,Seth Curry,Furkan Korkmaz,Tobias Harris,Joel Embiid,Matisse Thybulle,2,40,35,0:04:50,0:07:10,0:00:12,175,ATL,shot,,,,,,,,,,Bogdan Bogdanovic,0,,,missed,,3pt jump shot,26,29,260,22.1,31.0,MISS Bogdanovic 26' 3PT Jump Shot
22100478,2021-22 Regular Season,2021-12-23,Delon Wright,Bogdan Bogdanovic,John Collins,Skylar Mays,Onyeka Okongwu,Seth Curry,Furkan Korkmaz,Tobias Harris,Joel Embiid,Matisse Thybulle,2,40,35,0:04:45,0:07:15,0:00:05,176,PHI,rebound,,,,,,,,,,Joel Embiid,,,,,,rebound defensive,,,,,,Embiid REBOUND (Off:0 Def:4)
22100478,2021-22 Regular Season,2021-12-23,Delon Wright,Bogdan Bogdanovic,John Collins,Skylar Mays,Onyeka Okongwu,Seth Curry,Furkan Korkmaz,Tobias Harris,Joel Embiid,Matisse Thybulle,2,40,35,0:04:36,0:07:24,0:00:09,177,ATL,foul,,,,,,,,Joel Embiid,,Bogdan Bogdanovic,,,p.foul,,,personal,,,,,,Bogdanovic P.FOUL (P1.PN) (M.Smith)
22100478,2021-22 Regular Season,2021-12-23,Delon Wright,Bogdan Bogdanovic,John Collins,Skylar Mays,Onyeka Okongwu,Seth Curry,Furkan Korkmaz,Tobias Harris,Joel Embiid,Matisse Thybulle,2,40,36,0:04:36,0:07:24,0:00:00,178,PHI,free throw,,,,,,,1,,2,Joel Embiid,1,,,made,,free throw 1/2,,,,,,Embiid Free Throw 1 of 2 (4 PTS)
22100478,2021-22 Regular Season,2021-12-23,Delon Wright,Bogdan Bogdanovic,John Collins,Cam Reddish,Onyeka Okongwu,Seth Curry,Furkan Korkmaz,Tobias Harris,Joel Embiid,Matisse Thybulle,2,40,36,0:04:36,0:07:24,0:00:00,179,ATL,substitution,,,,,Cam Reddish,Skylar Mays,,,,Skylar Mays,,,,,,sub,,,,,,SUB: Reddish FOR Mays
22100478,2021-22 Regular Season,2021-12-23,Delon Wright,Bogdan Bogdanovic,John Collins,Skylar Mays,Onyeka Okongwu,Seth Curry,Furkan Korkmaz,Tobias Harris,Joel Embiid,Matisse Thybulle,2,40,37,0:04:36,0:07:24,0:00:00,180,PHI,free throw,,,,,,,2,,2,Joel Embiid,1,,,made,,free throw 2/2,,,,,,Embiid Free Throw 2 of 2 (5 PTS)
22100478,2021-22 Regular Season,2021-12-23,Delon Wright,Bogdan Bogdanovic,John Collins,Cam Reddish,Onyeka Okongwu,Seth Curry,Furkan Korkmaz,Tobias Harris,Joel Embiid,Matisse Thybulle,2,42,37,0:04:17,0:07:43,0:00:19,181,ATL,shot,Bogdan Bogdanovic,,,,,,,,,Onyeka Okongwu,2,,,made,,hook shot,3,1,26,24.9,7.6,Okongwu 3' Turnaround Hook Shot (6 PTS) (Bogdanovic 1 AST)
22100478,2021-22 Regular Season,2021-12-23,Delon Wright,Bogdan Bogdanovic,John Collins,Cam Reddish,Onyeka Okongwu,Seth Curry,Furkan Korkmaz,Tobias Harris,Joel Embiid,Matisse Thybulle,2,42,39,0:03:57,0:08:03,0:00:20,182,PHI,shot,Seth Curry,,,,,,,,,Tobias Harris,2,,,made,,driving layup,1,-11,-7,23.9,89.7,Harris 1' Driving Layup (4 PTS) (Curry 2 AST)
22100478,2021-22 Regular Season,2021-12-23,Delon Wright,Bogdan Bogdanovic,John Collins,Cam Reddish,Onyeka Okongwu,Seth Curry,Furkan Korkmaz,Tobias Harris,Joel Embiid,Matisse Thybulle,2,44,39,0:03:44,0:08:16,0:00:13,183,ATL,shot,Onyeka Okongwu,,,,,,,,,Cam Reddish,2,,,made,,jump shot,16,-17,163,26.7,21.3,Reddish 16' Pullup Jump Shot (10 PTS) (Okongwu 3 AST)
22100478,2021-22 Regular Season,2021-12-23,Delon Wright,Bogdan Bogdanovic,John Collins,Cam Reddish,Onyeka Okongwu,Seth Curry,Furkan Korkmaz,Tobias Harris,Joel Embiid,Matisse Thybulle,2,44,41,0:03:31,0:08:29,0:00:13,184,PHI,shot,,,,,,,,,,Tobias Harris,2,,,made,,driving floating jump shot,1,0,8,25.0,88.2,Harris 1' Driving Floating Jump Shot (6 PTS)
22100478,2021-22 Regular Season,2021-12-23,Delon Wright,Bogdan Bogdanovic,John Collins,Cam Reddish,Onyeka Okongwu,Seth Curry,Furkan Korkmaz,Tobias Harris,Joel Embiid,Matisse Thybulle,2,44,41,0:03:19,0:08:41,0:00:12,185,ATL,turnover,,,,,,,,,,Onyeka Okongwu,,,bad pass,,Tobias Harris,bad pass,,,,,,Harris STEAL (1 STL): Okongwu Bad Pass Turnover (P1.T4)
22100478,2021-22 Regular Season,2021-12-23,Delon Wright,Bogdan Bogdanovic,John Collins,Cam Reddish,Onyeka Okongwu,Seth Curry,Furkan Korkmaz,Tobias Harris,Joel Embiid,Matisse Thybulle,2,44,41,0:03:16,0:08:44,0:00:03,186,ATL,foul,,,,,,,,Tobias Harris,,John Collins,,,personal take foul,,,personal take,,,,,,Collins Personal Take Foul (P3.PN) (M.Smith)
22100478,2021-22 Regular Season,2021-12-23,Delon Wright,Bogdan Bogdanovic,John Collins,Cam Reddish,Onyeka Okongwu,Seth Curry,Furkan Korkmaz,Tobias Harris,Joel Embiid,Matisse Thybulle,2,44,42,0:03:16,0:08:44,0:00:00,187,PHI,free throw,,,,,,,1,,2,Tobias Harris,1,,,made,,free throw 1/2,,,,,,Harris Free Throw 1 of 2 (7 PTS)
22100478,2021-22 Regular Season,2021-12-23,Delon Wright,Bogdan Bogdanovic,Wes Iwundu,Cam Reddish,Onyeka Okongwu,Seth Curry,Furkan Korkmaz,Tobias Harris,Joel Embiid,Matisse Thybulle,2,44,42,0:03:16,0:08:44,0:00:00,188,ATL,substitution,,,,,Wes Iwundu,John Collins,,,,John Collins,,,,,,sub,,,,,,SUB: Iwundu FOR Collins
22100478,2021-22 Regular Season,2021-12-23,Delon Wright,Bogdan Bogdanovic,John Collins,Cam Reddish,Onyeka Okongwu,Seth Curry,Furkan Korkmaz,Tobias Harris,Joel Embiid,Matisse Thybulle,2,44,43,0:03:16,0:08:44,0:00:00,189,PHI,free throw,,,,,,,2,,2,Tobias Harris,1,,,made,,free throw 2/2,,,,,,Harris Free Throw 2 of 2 (8 PTS)
22100478,2021-22 Regular Season,2021-12-23,Delon Wright,Bogdan Bogdanovic,Wes Iwundu,Cam Reddish,Onyeka Okongwu,Seth Curry,Furkan Korkmaz,Tobias Harris,Joel Embiid,Matisse Thybulle,2,44,43,0:02:59,0:09:01,0:00:17,190,ATL,shot,,,,,,,,,,Bogdan Bogdanovic,0,,,missed,,hook shot,4,37,-3,21.3,4.7,MISS Bogdanovic 4' Driving Bank Hook Shot
22100478,2021-22 Regular Season,2021-12-23,Delon Wright,Bogdan Bogdanovic,Wes Iwundu,Cam Reddish,Onyeka Okongwu,Seth Curry,Furkan Korkmaz,Tobias Harris,Joel Embiid,Matisse Thybulle,2,44,43,0:02:54,0:09:06,0:00:05,191,ATL,rebound,,,,,,,,,,Onyeka Okongwu,,,,,,rebound offensive,,,,,,Okongwu REBOUND (Off:3 Def:1)
22100478,2021-22 Regular Season,2021-12-23,Delon Wright,Bogdan Bogdanovic,Wes Iwundu,Cam Reddish,Onyeka Okongwu,Seth Curry,Furkan Korkmaz,Tobias Harris,Joel Embiid,Matisse Thybulle,2,46,43,0:02:54,0:09:06,0:00:00,192,ATL,shot,,,,,,,,,,Onyeka Okongwu,2,,,made,,layup,0,0,0,25.0,5.0,Okongwu Putback Layup (8 PTS)
22100478,2021-22 Regular Season,2021-12-23,Delon Wright,Bogdan Bogdanovic,Wes Iwundu,Cam Reddish,Onyeka Okongwu,Seth Curry,Furkan Korkmaz,Tobias Harris,Joel Embiid,Matisse Thybulle,2,46,45,0:02:47,0:09:13,0:00:07,193,PHI,shot,,,,,,,,,,Tobias Harris,2,,,made,,layup,2,22,-4,27.2,89.4,Harris 2' Layup (10 PTS)
22100478,2021-22 Regular Season,2021-12-23,Delon Wright,Bogdan Bogdanovic,Wes Iwundu,Cam Reddish,Onyeka Okongwu,Seth Curry,Furkan Korkmaz,Tobias Harris,Joel Embiid,Matisse Thybulle,2,48,45,0:02:23,0:09:37,0:00:24,194,ATL,shot,Bogdan Bogdanovic,,,,,,,,,Onyeka Okongwu,2,,,made,,layup,2,-16,6,26.6,5.6,Okongwu 2' Reverse Layup (10 PTS) (Bogdanovic 2 AST)
22100478,2021-22 Regular Season,2021-12-23,Delon Wright,Bogdan Bogdanovic,Wes Iwundu,Cam Reddish,Onyeka Okongwu,Seth Curry,Furkan Korkmaz,Tobias Harris,Joel Embiid,Matisse Thybulle,2,48,47,0:02:09,0:09:51,0:00:14,195,PHI,shot,Seth Curry,,,,,,,,,Joel Embiid,2,,,made,,driving layup,1,-6,-13,24.4,90.3,Embiid 1' Driving Layup (7 PTS) (Curry 3 AST)
22100478,2021-22 Regular Season,2021-12-23,Delon Wright,Bogdan Bogdanovic,Wes Iwundu,Cam Reddish,Onyeka Okongwu,Seth Curry,Furkan Korkmaz,Tobias Harris,Joel Embiid,Matisse Thybulle,2,48,47,0:01:53,0:10:07,0:00:16,196,ATL,shot,,,,,,,,,,Cam Reddish,0,,,missed,,3pt jump shot,26,150,209,10.0,25.900000000000002,MISS Reddish 26' 3PT Jump Shot
22100478,2021-22 Regular Season,2021-12-23,Delon Wright,Bogdan Bogdanovic,Wes Iwundu,Cam Reddish,Onyeka Okongwu,Seth Curry,Furkan Korkmaz,Tobias Harris,Joel Embiid,Matisse Thybulle,2,48,47,0:01:51,0:10:09,0:00:02,197,PHI,rebound,,,,,,,,,,Joel Embiid,,,,,,rebound defensive,,,,,,Embiid REBOUND (Off:0 Def:5)
22100478,2021-22 Regular Season,2021-12-23,Delon Wright,Bogdan Bogdanovic,Wes Iwundu,Cam Reddish,Onyeka Okongwu,Seth Curry,Furkan Korkmaz,Tobias Harris,Joel Embiid,Matisse Thybulle,2,48,47,0:01:47,0:10:13,0:00:04,198,PHI,foul,,,,,,,,Wes Iwundu,,Tobias Harris,,,,,,offensive,,,,,,Harris OFF.Foul (P1) (M.Smith)
22100478,2021-22 Regular Season,2021-12-23,Delon Wright,Bogdan Bogdanovic,Wes Iwundu,Cam Reddish,Onyeka Okongwu,Seth Curry,Furkan Korkmaz,Tobias Harris,Joel Embiid,Matisse Thybulle,2,48,47,0:01:47,0:10:13,0:00:00,199,PHI,turnover,,,,,,,,,,Tobias Harris,,,offensive foul turnover,,,offensive foul,,,,,,Harris Offensive Foul Turnover (P1.T3)
22100478,2021-22 Regular Season,2021-12-23,Delon Wright,Bogdan Bogdanovic,Wes Iwundu,Cam Reddish,Onyeka Okongwu,Seth Curry,Furkan Korkmaz,Tobias Harris,Joel Embiid,Matisse Thybulle,2,48,47,0:01:47,0:10:13,0:00:00,200,PHI,timeout,,,,,,,,,,,,,,,,timeout: regular,,,,,,76ERS Timeout: Regular (Full 2 Short 0)
22100478,2021-22 Regular Season,2021-12-23,Delon Wright,Bogdan Bogdanovic,Wes Iwundu,Cam Reddish,Onyeka Okongwu,Seth Curry,Tyrese Maxey,Tobias Harris,Joel Embiid,Matisse Thybulle,2,48,47,0:01:47,0:10:13,0:00:00,201,PHI,substitution,,,,,Tyrese Maxey,Furkan Korkmaz,,,,Furkan Korkmaz,,,,,,sub,,,,,,SUB: Maxey FOR Korkmaz
22100478,2021-22 Regular Season,2021-12-23,Delon Wright,Bogdan Bogdanovic,Wes Iwundu,Cam Reddish,Onyeka Okongwu,Seth Curry,Tyrese Maxey,Tobias Harris,Joel Embiid,Matisse Thybulle,2,48,47,0:01:29,0:10:31,0:00:18,202,PHI,technical foul,,,,,,,,,,Tobias Harris,,,,,,defensive 3 seconds,,,,,,76ERS T.Foul (Def. 3 Sec Harris ) (J.Williams)
22100478,2021-22 Regular Season,2021-12-23,Delon Wright,Bogdan Bogdanovic,Wes Iwundu,Cam Reddish,Onyeka Okongwu,Seth Curry,Tyrese Maxey,Tobias Harris,Joel Embiid,Matisse Thybulle,2,49,47,0:01:29,0:10:31,0:00:00,203,ATL,free throw,,,,,,,1,,1,Bogdan Bogdanovic,1,,,made,,free throw technical,,,,,,Bogdanovic Free Throw Technical (3 PTS)
22100478,2021-22 Regular Season,2021-12-23,Delon Wright,Bogdan Bogdanovic,Wes Iwundu,Cam Reddish,Onyeka Okongwu,Seth Curry,Tyrese Maxey,Tobias Harris,Joel Embiid,Matisse Thybulle,2,49,47,0:01:23,0:10:37,0:00:06,204,PHI,foul,,,,,,,,Bogdan Bogdanovic,,Matisse Thybulle,,,s.foul,,,shooting,,,,,,Thybulle S.FOUL (P1.T2) (J.Williams)
22100478,2021-22 Regular Season,2021-12-23,Delon Wright,Bogdan Bogdanovic,Wes Iwundu,Cam Reddish,Onyeka Okongwu,Seth Curry,Tyrese Maxey,Tobias Harris,Joel Embiid,Matisse Thybulle,2,50,47,0:01:23,0:10:37,0:00:00,205,ATL,free throw,,,,,,,1,,2,Bogdan Bogdanovic,1,,,made,,free throw 1/2,,,,,,Bogdanovic Free Throw 1 of 2 (4 PTS)
22100478,2021-22 Regular Season,2021-12-23,Delon Wright,Bogdan Bogdanovic,Wes Iwundu,Cam Reddish,Onyeka Okongwu,Seth Curry,Tyrese Maxey,Tobias Harris,Joel Embiid,Matisse Thybulle,2,51,47,0:01:23,0:10:37,0:00:00,206,ATL,free throw,,,,,,,2,,2,Bogdan Bogdanovic,1,,,made,,free throw 2/2,,,,,,Bogdanovic Free Throw 2 of 2 (5 PTS)
22100478,2021-22 Regular Season,2021-12-23,Delon Wright,Bogdan Bogdanovic,Wes Iwundu,Cam Reddish,Onyeka Okongwu,Seth Curry,Tyrese Maxey,Tobias Harris,Joel Embiid,Matisse Thybulle,2,51,47,0:01:08,0:10:52,0:00:15,207,PHI,shot,,,,,,,,,,Tobias Harris,0,,,missed,,3pt jump shot,25,71,241,32.1,64.9,MISS Harris 25' 3PT Jump Shot
22100478,2021-22 Regular Season,2021-12-23,Delon Wright,Bogdan Bogdanovic,Wes Iwundu,Cam Reddish,Onyeka Okongwu,Seth Curry,Tyrese Maxey,Tobias Harris,Joel Embiid,Matisse Thybulle,2,51,47,0:01:05,0:10:55,0:00:03,208,ATL,rebound,,,,,,,,,,Bogdan Bogdanovic,,,,,,rebound defensive,,,,,,Bogdanovic REBOUND (Off:0 Def:4)
22100478,2021-22 Regular Season,2021-12-23,Delon Wright,Bogdan Bogdanovic,Wes Iwundu,Cam Reddish,Onyeka Okongwu,Seth Curry,Tyrese Maxey,Tobias Harris,Joel Embiid,Matisse Thybulle,2,51,47,0:00:52,0:11:08,0:00:13,209,ATL,turnover,,,,,,,,,,Bogdan Bogdanovic,,,bad pass,,Tobias Harris,bad pass,,,,,,Harris STEAL (2 STL): Bogdanovic Bad Pass Turnover (P1.T5)
22100478,2021-22 Regular Season,2021-12-23,Delon Wright,Bogdan Bogdanovic,Wes Iwundu,Cam Reddish,Onyeka Okongwu,Seth Curry,Tyrese Maxey,Tobias Harris,Joel Embiid,Matisse Thybulle,2,51,49,0:00:49,0:11:11,0:00:03,210,PHI,shot,Tobias Harris,,,,,,,,,Matisse Thybulle,2,,,made,,layup,0,-5,1,24.5,88.9,Thybulle 1' Running Finger Roll Layup (2 PTS) (Harris 2 AST)
22100478,2021-22 Regular Season,2021-12-23,Delon Wright,Bogdan Bogdanovic,Wes Iwundu,Cam Reddish,Onyeka Okongwu,Seth Curry,Tyrese Maxey,Tobias Harris,Joel Embiid,Matisse Thybulle,2,51,49,0:00:33,0:11:27,0:00:16,211,ATL,turnover,,,,,,,,,,Wes Iwundu,,,,,Tyrese Maxey,lost ball,,,,,,Maxey STEAL (1 STL): Iwundu Lost Ball Turnover (P1.T6)
22100478,2021-22 Regular Season,2021-12-23,Delon Wright,Bogdan Bogdanovic,Wes Iwundu,Cam Reddish,Onyeka Okongwu,Seth Curry,Tyrese Maxey,Tobias Harris,Joel Embiid,Matisse Thybulle,2,51,51,0:00:30,0:11:30,0:00:03,212,PHI,shot,Tyrese Maxey,,,,,,,,,Matisse Thybulle,2,,,made,,dunk,1,-7,-4,24.3,89.4,Thybulle 1' Running Alley Oop Dunk Shot (4 PTS) (Maxey 1 AST)
22100478,2021-22 Regular Season,2021-12-23,Delon Wright,Bogdan Bogdanovic,Wes Iwundu,Cam Reddish,Onyeka Okongwu,Seth Curry,Tyrese Maxey,Tobias Harris,Joel Embiid,Matisse Thybulle,2,51,51,0:00:07,0:11:53,0:00:23,213,ATL,turnover,,,,,,,,,,Delon Wright,,,,,Matisse Thybulle,lost ball,,,,,,Thybulle STEAL (1 STL): Wright Lost Ball Turnover (P1.T7)
22100478,2021-22 Regular Season,2021-12-23,Delon Wright,Bogdan Bogdanovic,Wes Iwundu,Cam Reddish,Onyeka Okongwu,Seth Curry,Tyrese Maxey,Tobias Harris,Joel Embiid,Matisse Thybulle,2,51,51,0:00:03,0:11:57,0:00:04,214,PHI,turnover,,,,,,,,,,Joel Embiid,,,,,Cam Reddish,lost ball,,,,,,Embiid Lost Ball Turnover (P1.T4): Reddish STEAL (1 STL)
22100478,2021-22 Regular Season,2021-12-23,Delon Wright,Bogdan Bogdanovic,Wes Iwundu,Cam Reddish,Onyeka Okongwu,Seth Curry,Tyrese Maxey,Tobias Harris,Joel Embiid,Matisse Thybulle,2,51,51,0:00:01,0:11:59,0:00:02,215,ATL,shot,,,,,,,,,,Bogdan Bogdanovic,0,,,missed,,3pt jump shot,67,-18,669,26.8,71.9,MISS Bogdanovic 67' 3PT Jump Shot
22100478,2021-22 Regular Season,2021-12-23,Delon Wright,Bogdan Bogdanovic,Wes Iwundu,Cam Reddish,Onyeka Okongwu,Seth Curry,Tyrese Maxey,Tobias Harris,Joel Embiid,Matisse Thybulle,2,51,51,0:00:00,0:12:00,0:00:01,216,ATL,rebound,,,,,,,,,,,,,,,,team rebound,,,,,,Hawks Rebound
22100478,2021-22 Regular Season,2021-12-23,Delon Wright,Bogdan Bogdanovic,Wes Iwundu,Cam Reddish,Onyeka Okongwu,Seth Curry,Tyrese Maxey,Tobias Harris,Joel Embiid,Matisse Thybulle,2,51,51,0:00:00,0:12:00,0:00:00,217,,end of period,,,,,,,,,,,,,,,,end of period,,,,,,
22100478,2021-22 Regular Season,2021-12-23,Onyeka Okongwu,John Collins,Delon Wright,Cam Reddish,Skylar Mays,Tobias Harris,Furkan Korkmaz,Seth Curry,Joel Embiid,Matisse Thybulle,3,51,51,0:12:00,0:00:00,0:00:00,218,,start of period,,,,,,,,,,,,,,,,start of period,,,,,,
22100478,2021-22 Regular Season,2021-12-23,Onyeka Okongwu,John Collins,Delon Wright,Cam Reddish,Skylar Mays,Tobias Harris,Furkan Korkmaz,Seth Curry,Joel Embiid,Matisse Thybulle,3,51,51,0:11:46,0:00:14,0:00:14,219,ATL,shot,,,,,,,,,,Onyeka Okongwu,0,,,missed,,floating jump shot,5,-10,46,26.0,9.600000000000001,MISS Okongwu 5' Floating Jump Shot
22100478,2021-22 Regular Season,2021-12-23,Onyeka Okongwu,John Collins,Delon Wright,Cam Reddish,Skylar Mays,Tobias Harris,Furkan Korkmaz,Seth Curry,Joel Embiid,Matisse Thybulle,3,51,51,0:11:42,0:00:18,0:00:04,220,PHI,rebound,,,,,,,,,,Tobias Harris,,,,,,rebound defensive,,,,,,Harris REBOUND (Off:0 Def:2)
22100478,2021-22 Regular Season,2021-12-23,Onyeka Okongwu,John Collins,Delon Wright,Cam Reddish,Skylar Mays,Tobias Harris,Furkan Korkmaz,Seth Curry,Joel Embiid,Matisse Thybulle,3,51,51,0:11:25,0:00:35,0:00:17,221,PHI,shot,,,,,,,,,,Furkan Korkmaz,0,,,missed,,3pt pullup jump shot,28,-123,249,12.7,64.1,MISS Korkmaz 28' 3PT Pullup Jump Shot
22100478,2021-22 Regular Season,2021-12-23,Onyeka Okongwu,John Collins,Delon Wright,Cam Reddish,Skylar Mays,Tobias Harris,Furkan Korkmaz,Seth Curry,Joel Embiid,Matisse Thybulle,3,51,51,0:11:22,0:00:38,0:00:03,222,ATL,rebound,,,,,,,,,,Onyeka Okongwu,,,,,,rebound defensive,,,,,,Okongwu REBOUND (Off:3 Def:2)
22100478,2021-22 Regular Season,2021-12-23,Onyeka Okongwu,John Collins,Delon Wright,Cam Reddish,Skylar Mays,Tobias Harris,Furkan Korkmaz,Seth Curry,Joel Embiid,Matisse Thybulle,3,54,51,0:11:08,0:00:52,0:00:14,223,ATL,shot,Delon Wright,,,,,,,,,John Collins,3,,,made,,3pt jump shot,24,-237,14,48.7,6.4,Collins 24' 3PT Jump Shot (14 PTS) (Wright 3 AST)
22100478,2021-22 Regular Season,2021-12-23,Onyeka Okongwu,John Collins,Delon Wright,Cam Reddish,Skylar Mays,Tobias Harris,Furkan Korkmaz,Seth Curry,Joel Embiid,Matisse Thybulle,3,54,53,0:10:50,0:01:10,0:00:18,224,PHI,shot,,,,,,,,,,Seth Curry,2,,,made,,jump shot,15,141,55,39.1,83.5,Curry 15' Pullup Jump Shot (7 PTS)
22100478,2021-22 Regular Season,2021-12-23,Onyeka Okongwu,John Collins,Delon Wright,Cam Reddish,Skylar Mays,Tobias Harris,Furkan Korkmaz,Seth Curry,Joel Embiid,Matisse Thybulle,3,54,53,0:10:26,0:01:34,0:00:24,225,ATL,shot,,,,,,,,,,John Collins,0,,,missed,,hook shot,6,29,47,22.1,9.7,MISS Collins 6' Driving Hook Shot
22100478,2021-22 Regular Season,2021-12-23,Onyeka Okongwu,John Collins,Delon Wright,Cam Reddish,Skylar Mays,Tobias Harris,Furkan Korkmaz,Seth Curry,Joel Embiid,Matisse Thybulle,3,54,53,0:10:25,0:01:35,0:00:01,226,ATL,rebound,,,,,,,,,,,,,,,,team rebound,,,,,,Hawks Rebound
22100478,2021-22 Regular Season,2021-12-23,Onyeka Okongwu,John Collins,Delon Wright,Cam Reddish,Skylar Mays,Tobias Harris,Furkan Korkmaz,Seth Curry,Joel Embiid,Matisse Thybulle,3,54,53,0:10:25,0:01:35,0:00:00,227,ATL,turnover,,,,,,,,,,,,,,,,shot clock,,,,,,Hawks Turnover: Shot Clock (T#8)
22100478,2021-22 Regular Season,2021-12-23,Onyeka Okongwu,John Collins,Delon Wright,Cam Reddish,Skylar Mays,Tobias Harris,Furkan Korkmaz,Seth Curry,Joel Embiid,Matisse Thybulle,3,54,56,0:10:01,0:01:59,0:00:24,228,PHI,shot,Tobias Harris,,,,,,,,,Seth Curry,3,,,made,,3pt jump shot,26,109,233,35.9,65.7,Curry 26' 3PT Jump Shot (10 PTS) (Harris 3 AST)
22100478,2021-22 Regular Season,2021-12-23,Onyeka Okongwu,John Collins,Delon Wright,Cam Reddish,Skylar Mays,Tobias Harris,Furkan Korkmaz,Seth Curry,Joel Embiid,Matisse Thybulle,3,54,56,0:09:38,0:02:22,0:00:23,229,ATL,shot,,,,,,,,,,Onyeka Okongwu,0,,,missed,,floating jump shot,8,23,74,22.7,12.4,MISS Okongwu 8' Floating Jump Shot
22100478,2021-22 Regular Season,2021-12-23,Onyeka Okongwu,John Collins,Delon Wright,Cam Reddish,Skylar Mays,Tobias Harris,Furkan Korkmaz,Seth Curry,Joel Embiid,Matisse Thybulle,3,54,56,0:09:36,0:02:24,0:00:02,230,PHI,rebound,,,,,,,,,,Joel Embiid,,,,,,rebound defensive,,,,,,Embiid REBOUND (Off:0 Def:6)
22100478,2021-22 Regular Season,2021-12-23,Onyeka Okongwu,John Collins,Delon Wright,Cam Reddish,Skylar Mays,Tobias Harris,Furkan Korkmaz,Seth Curry,Joel Embiid,Matisse Thybulle,3,54,56,0:09:27,0:02:33,0:00:09,231,ATL,foul,,,,,,,,Tobias Harris,,John Collins,,,p.foul,,,personal,,,,,,Collins P.FOUL (P4.T1) (A.Smith)
22100478,2021-22 Regular Season,2021-12-23,Onyeka Okongwu,Wes Iwundu,Delon Wright,Cam Reddish,Skylar Mays,Tobias Harris,Furkan Korkmaz,Seth Curry,Joel Embiid,Matisse Thybulle,3,54,56,0:09:27,0:02:33,0:00:00,232,ATL,substitution,,,,,Wes Iwundu,John Collins,,,,John Collins,,,,,,sub,,,,,,SUB: Iwundu FOR Collins
22100478,2021-22 Regular Season,2021-12-23,Onyeka Okongwu,Wes Iwundu,Delon Wright,Cam Reddish,Skylar Mays,Tobias Harris,Furkan Korkmaz,Seth Curry,Joel Embiid,Matisse Thybulle,3,54,58,0:09:21,0:02:39,0:00:06,233,PHI,shot,,,,,,,,,,Seth Curry,2,,,made,,driving layup,2,15,6,26.5,88.4,Curry 2' Driving Layup (12 PTS)
22100478,2021-22 Regular Season,2021-12-23,Onyeka Okongwu,Wes Iwundu,Delon Wright,Cam Reddish,Skylar Mays,Tobias Harris,Furkan Korkmaz,Seth Curry,Joel Embiid,Matisse Thybulle,3,54,58,0:09:10,0:02:50,0:00:11,234,PHI,foul,,,,,,,,Cam Reddish,,Tobias Harris,,,s.foul,,,shooting,,,,,,Harris S.FOUL (P2.T1) (J.Williams)
22100478,2021-22 Regular Season,2021-12-23,Onyeka Okongwu,Wes Iwundu,Delon Wright,Cam Reddish,Skylar Mays,Tobias Harris,Furkan Korkmaz,Seth Curry,Joel Embiid,Matisse Thybulle,3,55,58,0:09:10,0:02:50,0:00:00,235,ATL,free throw,,,,,,,1,,2,Cam Reddish,1,,,made,,free throw 1/2,,,,,,Reddish Free Throw 1 of 2 (11 PTS)
22100478,2021-22 Regular Season,2021-12-23,Onyeka Okongwu,Bogdan Bogdanovic,Delon Wright,Cam Reddish,Skylar Mays,Tobias Harris,Furkan Korkmaz,Seth Curry,Joel Embiid,Matisse Thybulle,3,55,58,0:09:10,0:02:50,0:00:00,236,ATL,substitution,,,,,Bogdan Bogdanovic,Wes Iwundu,,,,Wes Iwundu,,,,,,sub,,,,,,SUB: Bogdanovic FOR Iwundu
22100478,2021-22 Regular Season,2021-12-23,Onyeka Okongwu,Wes Iwundu,Delon Wright,Cam Reddish,Skylar Mays,Tobias Harris,Furkan Korkmaz,Seth Curry,Joel Embiid,Matisse Thybulle,3,56,58,0:09:10,0:02:50,0:00:00,237,ATL,free throw,,,,,,,2,,2,Cam Reddish,1,,,made,,free throw 2/2,,,,,,Reddish Free Throw 2 of 2 (12 PTS)
22100478,2021-22 Regular Season,2021-12-23,Onyeka Okongwu,Bogdan Bogdanovic,Delon Wright,Cam Reddish,Skylar Mays,Tobias Harris,Furkan Korkmaz,Seth Curry,Joel Embiid,Matisse Thybulle,3,56,58,0:08:52,0:03:08,0:00:18,238,PHI,shot,,,,,,,,,,Joel Embiid,0,,,missed,,jump shot,9,39,86,28.9,80.4,MISS Embiid 9' Turnaround Jump Shot
22100478,2021-22 Regular Season,2021-12-23,Onyeka Okongwu,Bogdan Bogdanovic,Delon Wright,Cam Reddish,Skylar Mays,Tobias Harris,Furkan Korkmaz,Seth Curry,Joel Embiid,Matisse Thybulle,3,56,58,0:08:50,0:03:10,0:00:02,239,ATL,rebound,,,,,,,,,,Delon Wright,,,,,,rebound defensive,,,,,,Wright REBOUND (Off:1 Def:4)
22100478,2021-22 Regular Season,2021-12-23,Onyeka Okongwu,Bogdan Bogdanovic,Delon Wright,Cam Reddish,Skylar Mays,Tobias Harris,Furkan Korkmaz,Seth Curry,Joel Embiid,Matisse Thybulle,3,58,58,0:08:35,0:03:25,0:00:15,240,ATL,shot,Delon Wright,,,,,,,,,Cam Reddish,2,,,made,,layup,0,2,-5,24.8,4.5,Reddish 1' Running Reverse Layup (14 PTS) (Wright 4 AST)
22100478,2021-22 Regular Season,2021-12-23,Onyeka Okongwu,Bogdan Bogdanovic,Delon Wright,Cam Reddish,Skylar Mays,Tobias Harris,Furkan Korkmaz,Seth Curry,Joel Embiid,Matisse Thybulle,3,58,58,0:08:32,0:03:28,0:00:03,241,PHI,shot,,,,Delon Wright,,,,,,Tobias Harris,0,,,missed,,driving layup,4,-29,26,22.1,86.4,MISS Harris 4' Driving Layup: Wright BLOCK (1 BLK)
22100478,2021-22 Regular Season,2021-12-23,Onyeka Okongwu,Bogdan Bogdanovic,Delon Wright,Cam Reddish,Skylar Mays,Tobias Harris,Furkan Korkmaz,Seth Curry,Joel Embiid,Matisse Thybulle,3,58,58,0:08:32,0:03:28,0:00:00,242,ATL,rebound,,,,,,,,,,,,,,,,rebound defensive,,,,,,Hawks Rebound
22100478,2021-22 Regular Season,2021-12-23,Onyeka Okongwu,Bogdan Bogdanovic,Delon Wright,Cam Reddish,Skylar Mays,Tobias Harris,Furkan Korkmaz,Seth Curry,Joel Embiid,Matisse Thybulle,3,61,58,0:08:22,0:03:38,0:00:10,243,ATL,shot,Cam Reddish,,,,,,,,,Delon Wright,3,,,made,,3pt jump shot,25,-163,194,41.3,24.400000000000002,Wright 25' 3PT Jump Shot (3 PTS) (Reddish 2 AST)
22100478,2021-22 Regular Season,2021-12-23,Onyeka Okongwu,Bogdan Bogdanovic,Delon Wright,Cam Reddish,Skylar Mays,Tobias Harris,Furkan Korkmaz,Seth Curry,Joel Embiid,Matisse Thybulle,3,61,58,0:08:06,0:03:54,0:00:16,244,PHI,turnover,,,,,,,,,,Seth Curry,,,traveling,,,traveling,,,,,,Curry Traveling Turnover (P3.T5)
22100478,2021-22 Regular Season,2021-12-23,Onyeka Okongwu,Bogdan Bogdanovic,Delon Wright,Cam Reddish,Skylar Mays,Tobias Harris,Furkan Korkmaz,Seth Curry,Joel Embiid,Matisse Thybulle,3,61,58,0:07:55,0:04:05,0:00:11,245,PHI,foul,,,,,,,,Cam Reddish,,Matisse Thybulle,,,s.foul,,,shooting,,,,,,Thybulle S.FOUL (P2.T2) (A.Smith)
22100478,2021-22 Regular Season,2021-12-23,Onyeka Okongwu,Bogdan Bogdanovic,Delon Wright,Cam Reddish,Skylar Mays,Tobias Harris,Furkan Korkmaz,Seth Curry,Joel Embiid,Matisse Thybulle,3,62,58,0:07:55,0:04:05,0:00:00,246,ATL,free throw,,,,,,,1,,2,Cam Reddish,1,,,made,,free throw 1/2,,,,,,Reddish Free Throw 1 of 2 (15 PTS)
22100478,2021-22 Regular Season,2021-12-23,Onyeka Okongwu,Bogdan Bogdanovic,Delon Wright,Cam Reddish,Skylar Mays,Tobias Harris,Furkan Korkmaz,Seth Curry,Joel Embiid,Matisse Thybulle,3,63,58,0:07:55,0:04:05,0:00:00,247,ATL,free throw,,,,,,,2,,2,Cam Reddish,1,,,made,,free throw 2/2,,,,,,Reddish Free Throw 2 of 2 (16 PTS)
22100478,2021-22 Regular Season,2021-12-23,Onyeka Okongwu,Bogdan Bogdanovic,Delon Wright,Cam Reddish,Skylar Mays,Tobias Harris,Furkan Korkmaz,Seth Curry,Joel Embiid,Matisse Thybulle,3,63,58,0:07:38,0:04:22,0:00:17,248,PHI,shot,,,,,,,,,,Furkan Korkmaz,0,,,missed,,3pt pullup jump shot,24,218,111,46.8,77.9,MISS Korkmaz 24' 3PT Pullup Jump Shot
22100478,2021-22 Regular Season,2021-12-23,Onyeka Okongwu,Bogdan Bogdanovic,Delon Wright,Cam Reddish,Skylar Mays,Tobias Harris,Furkan Korkmaz,Seth Curry,Joel Embiid,Matisse Thybulle,3,63,58,0:07:37,0:04:23,0:00:01,249,ATL,rebound,,,,,,,,,,,,,,,,rebound defensive,,,,,,Hawks Rebound
22100478,2021-22 Regular Season,2021-12-23,Onyeka Okongwu,Bogdan Bogdanovic,Delon Wright,Cam Reddish,Skylar Mays,Tobias Harris,Furkan Korkmaz,Seth Curry,Joel Embiid,Matisse Thybulle,3,65,58,0:07:24,0:04:36,0:00:13,250,ATL,shot,,,,,,,,,,Cam Reddish,2,,,made,,jump shot,16,-135,77,38.5,12.7,Reddish 16' Step Back Jump Shot (18 PTS)
22100478,2021-22 Regular Season,2021-12-23,Onyeka Okongwu,Bogdan Bogdanovic,Delon Wright,Cam Reddish,Skylar Mays,Tobias Harris,Furkan Korkmaz,Seth Curry,Joel Embiid,Matisse Thybulle,3,65,58,0:07:22,0:04:38,0:00:02,251,PHI,timeout,,,,,,,,,,,,,,,,timeout: regular,,,,,,76ERS Timeout: Regular (Full 3 Short 0)
22100478,2021-22 Regular Season,2021-12-23,Onyeka Okongwu,Bogdan Bogdanovic,Delon Wright,Cam Reddish,Skylar Mays,Tobias Harris,Tyrese Maxey,Seth Curry,Joel Embiid,Matisse Thybulle,3,65,58,0:07:22,0:04:38,0:00:00,252,PHI,substitution,,,,,Tyrese Maxey,Furkan Korkmaz,,,,Furkan Korkmaz,,,,,,sub,,,,,,SUB: Maxey FOR Korkmaz
22100478,2021-22 Regular Season,2021-12-23,Onyeka Okongwu,Bogdan Bogdanovic,Delon Wright,Cam Reddish,Skylar Mays,Tobias Harris,Tyrese Maxey,Seth Curry,Joel Embiid,Matisse Thybulle,3,65,58,0:07:01,0:04:59,0:00:21,253,ATL,foul,,,,,,,,Tobias Harris,,Bogdan Bogdanovic,,,s.foul,,,shooting,,,,,,Bogdanovic S.FOUL (P2.T2) (M.Smith)
22100478,2021-22 Regular Season,2021-12-23,Onyeka Okongwu,Bogdan Bogdanovic,Delon Wright,Cam Reddish,Skylar Mays,Tobias Harris,Tyrese Maxey,Seth Curry,Joel Embiid,Matisse Thybulle,3,65,59,0:07:01,0:04:59,0:00:00,254,PHI,free throw,,,,,,,1,,2,Tobias Harris,1,,,made,,free throw 1/2,,,,,,Harris Free Throw 1 of 2 (11 PTS)
22100478,2021-22 Regular Season,2021-12-23,Onyeka Okongwu,Bogdan Bogdanovic,Delon Wright,Cam Reddish,Skylar Mays,Tobias Harris,Tyrese Maxey,Seth Curry,Joel Embiid,Matisse Thybulle,3,65,60,0:07:01,0:04:59,0:00:00,255,PHI,free throw,,,,,,,2,,2,Tobias Harris,1,,,made,,free throw 2/2,,,,,,Harris Free Throw 2 of 2 (12 PTS)
22100478,2021-22 Regular Season,2021-12-23,Onyeka Okongwu,Bogdan Bogdanovic,Delon Wright,Cam Reddish,Skylar Mays,Tobias Harris,Tyrese Maxey,Seth Curry,Joel Embiid,Matisse Thybulle,3,65,60,0:06:51,0:05:09,0:00:10,256,ATL,turnover,,,,,,,,,,Cam Reddish,,,bad pass,,Tyrese Maxey,bad pass,,,,,,Maxey STEAL (2 STL): Reddish Bad Pass Turnover (P1.T9)
22100478,2021-22 Regular Season,2021-12-23,Onyeka Okongwu,Bogdan Bogdanovic,Delon Wright,Cam Reddish,Skylar Mays,Tobias Harris,Tyrese Maxey,Seth Curry,Joel Embiid,Matisse Thybulle,3,65,62,0:06:44,0:05:16,0:00:07,257,PHI,shot,Seth Curry,,,,,,,,,Joel Embiid,2,,,made,,layup,1,-2,11,24.8,87.9,Embiid 1' Finger Roll Layup (9 PTS) (Curry 4 AST)
22100478,2021-22 Regular Season,2021-12-23,Onyeka Okongwu,Bogdan Bogdanovic,Delon Wright,Cam Reddish,Skylar Mays,Tobias Harris,Tyrese Maxey,Seth Curry,Joel Embiid,Matisse Thybulle,3,67,62,0:06:29,0:05:31,0:00:15,258,ATL,shot,Skylar Mays,,,,,,,,,Onyeka Okongwu,2,,,made,,cutting layup shot,3,22,26,22.8,7.6,Okongwu 3' Cutting Layup Shot (12 PTS) (Mays 2 AST)
22100478,2021-22 Regular Season,2021-12-23,Onyeka Okongwu,Bogdan Bogdanovic,Delon Wright,Cam Reddish,Skylar Mays,Tobias Harris,Tyrese Maxey,Seth Curry,Joel Embiid,Matisse Thybulle,3,67,62,0:06:29,0:05:31,0:00:00,259,PHI,foul,,,,,,,,Onyeka Okongwu,,Tyrese Maxey,,,s.foul,,,shooting,,,,,,Maxey S.FOUL (P1.T3) (M.Smith)
22100478,2021-22 Regular Season,2021-12-23,Onyeka Okongwu,Bogdan Bogdanovic,Delon Wright,Cam Reddish,Skylar Mays,Tobias Harris,Tyrese Maxey,Seth Curry,Joel Embiid,Matisse Thybulle,3,68,62,0:06:29,0:05:31,0:00:00,260,ATL,free throw,,,,,,,1,,1,Onyeka Okongwu,1,,,made,,free throw 1/1,,,,,,Okongwu Free Throw 1 of 1 (13 PTS)
22100478,2021-22 Regular Season,2021-12-23,Onyeka Okongwu,Bogdan Bogdanovic,Delon Wright,Cam Reddish,Skylar Mays,Tobias Harris,Tyrese Maxey,Seth Curry,Joel Embiid,Matisse Thybulle,3,68,64,0:06:14,0:05:46,0:00:15,261,PHI,shot,,,,,,,,,,Joel Embiid,2,,,made,,driving layup,2,16,-1,26.6,89.1,Embiid 2' Driving Layup (11 PTS)
22100478,2021-22 Regular Season,2021-12-23,Onyeka Okongwu,Bogdan Bogdanovic,Delon Wright,Cam Reddish,Skylar Mays,Tobias Harris,Tyrese Maxey,Seth Curry,Joel Embiid,Matisse Thybulle,3,71,64,0:05:51,0:06:09,0:00:23,262,ATL,shot,Cam Reddish,,,,,,,,,Skylar Mays,3,,,made,,3pt jump shot,25,-175,177,42.5,22.7,Mays 25' 3PT Jump Shot (5 PTS) (Reddish 3 AST)
22100478,2021-22 Regular Season,2021-12-23,Onyeka Okongwu,Bogdan Bogdanovic,Delon Wright,Cam Reddish,Skylar Mays,Tobias Harris,Tyrese Maxey,Seth Curry,Joel Embiid,Matisse Thybulle,3,71,64,0:05:45,0:06:15,0:00:06,263,ATL,foul,,,,,,,,Tyrese Maxey,,Onyeka Okongwu,,,personal take foul,,,personal take,,,,,,Okongwu Personal Take Foul (P1.T3) (J.Williams)
22100478,2021-22 Regular Season,2021-12-23,Onyeka Okongwu,Bogdan Bogdanovic,Delon Wright,Wes Iwundu,Skylar Mays,Tobias Harris,Tyrese Maxey,Seth Curry,Joel Embiid,Matisse Thybulle,3,71,64,0:05:45,0:06:15,0:00:00,264,ATL,substitution,,,,,Wes Iwundu,Cam Reddish,,,,Cam Reddish,,,,,,sub,,,,,,SUB: Iwundu FOR Reddish
22100478,2021-22 Regular Season,2021-12-23,Onyeka Okongwu,Bogdan Bogdanovic,Delon Wright,Wes Iwundu,Skylar Mays,Tobias Harris,Tyrese Maxey,Seth Curry,Joel Embiid,Matisse Thybulle,3,71,64,0:05:27,0:06:33,0:00:18,265,PHI,shot,,,,,,,,,,Tyrese Maxey,0,,,missed,,driving floating jump shot,8,82,17,33.2,87.3,MISS Maxey 8' Driving Floating Jump Shot
22100478,2021-22 Regular Season,2021-12-23,Onyeka Okongwu,Bogdan Bogdanovic,Delon Wright,Wes Iwundu,Skylar Mays,Tobias Harris,Tyrese Maxey,Seth Curry,Joel Embiid,Matisse Thybulle,3,71,64,0:05:25,0:06:35,0:00:02,266,PHI,rebound,,,,,,,,,,Joel Embiid,,,,,,rebound offensive,,,,,,Embiid REBOUND (Off:1 Def:6)
22100478,2021-22 Regular Season,2021-12-23,Onyeka Okongwu,Bogdan Bogdanovic,Delon Wright,Wes Iwundu,Skylar Mays,Tobias Harris,Tyrese Maxey,Seth Curry,Joel Embiid,Matisse Thybulle,3,71,64,0:05:25,0:06:35,0:00:00,267,PHI,shot,,,,,,,,,,Joel Embiid,0,,,missed,,layup,0,0,0,25.0,89.0,MISS Embiid Tip Layup Shot
22100478,2021-22 Regular Season,2021-12-23,Onyeka Okongwu,Bogdan Bogdanovic,Delon Wright,Wes Iwundu,Skylar Mays,Tobias Harris,Tyrese Maxey,Seth Curry,Joel Embiid,Matisse Thybulle,3,71,64,0:05:25,0:06:35,0:00:00,268,PHI,rebound,,,,,,,,,,Joel Embiid,,,,,,rebound offensive,,,,,,Embiid REBOUND (Off:2 Def:6)
22100478,2021-22 Regular Season,2021-12-23,Onyeka Okongwu,Bogdan Bogdanovic,Delon Wright,Wes Iwundu,Skylar Mays,Tobias Harris,Tyrese Maxey,Seth Curry,Joel Embiid,Matisse Thybulle,3,71,64,0:05:25,0:06:35,0:00:00,269,ATL,foul,,,,,,,,Joel Embiid,,Onyeka Okongwu,,,s.foul,,,shooting,,,,,,Okongwu S.FOUL (P2.T4) (J.Williams)
22100478,2021-22 Regular Season,2021-12-23,Onyeka Okongwu,Bogdan Bogdanovic,Delon Wright,Wes Iwundu,Skylar Mays,Tobias Harris,Tyrese Maxey,Seth Curry,Joel Embiid,Matisse Thybulle,3,71,65,0:05:25,0:06:35,0:00:00,270,PHI,free throw,,,,,,,1,,2,Joel Embiid,1,,,made,,free throw 1/2,,,,,,Embiid Free Throw 1 of 2 (12 PTS)
22100478,2021-22 Regular Season,2021-12-23,Onyeka Okongwu,Bogdan Bogdanovic,Delon Wright,Wes Iwundu,Skylar Mays,Tobias Harris,Tyrese Maxey,Seth Curry,Joel Embiid,Isaiah Joe,3,71,65,0:05:25,0:06:35,0:00:00,271,PHI,substitution,,,,,Isaiah Joe,Matisse Thybulle,,,,Matisse Thybulle,,,,,,sub,,,,,,SUB: Joe FOR Thybulle
22100478,2021-22 Regular Season,2021-12-23,Onyeka Okongwu,Bogdan Bogdanovic,Delon Wright,Wes Iwundu,Skylar Mays,Tobias Harris,Tyrese Maxey,Seth Curry,Joel Embiid,Matisse Thybulle,3,71,66,0:05:25,0:06:35,0:00:00,272,PHI,free throw,,,,,,,2,,2,Joel Embiid,1,,,made,,free throw 2/2,,,,,,Embiid Free Throw 2 of 2 (13 PTS)
22100478,2021-22 Regular Season,2021-12-23,Onyeka Okongwu,Bogdan Bogdanovic,Delon Wright,Wes Iwundu,Skylar Mays,Tobias Harris,Tyrese Maxey,Seth Curry,Joel Embiid,Isaiah Joe,3,73,66,0:05:11,0:06:49,0:00:14,273,ATL,shot,,,,,,,,,,Delon Wright,2,,,made,,jump shot,19,-102,158,35.2,20.8,Wright 19' Pullup Jump Shot (5 PTS)
22100478,2021-22 Regular Season,2021-12-23,Onyeka Okongwu,Bogdan Bogdanovic,Delon Wright,Wes Iwundu,Skylar Mays,Tobias Harris,Tyrese Maxey,Seth Curry,Joel Embiid,Isaiah Joe,3,73,66,0:04:44,0:07:16,0:00:27,274,PHI,shot,,,,,,,,,,Tobias Harris,0,,,missed,,3pt jump shot,26,76,249,32.6,64.1,MISS Harris 26' 3PT Jump Shot
22100478,2021-22 Regular Season,2021-12-23,Onyeka Okongwu,Bogdan Bogdanovic,Delon Wright,Wes Iwundu,Skylar Mays,Tobias Harris,Tyrese Maxey,Seth Curry,Joel Embiid,Isaiah Joe,3,73,66,0:04:41,0:07:19,0:00:03,275,ATL,rebound,,,,,,,,,,Skylar Mays,,,,,,rebound defensive,,,,,,Mays REBOUND (Off:2 Def:6)
22100478,2021-22 Regular Season,2021-12-23,Onyeka Okongwu,Bogdan Bogdanovic,Delon Wright,Wes Iwundu,Skylar Mays,Tobias Harris,Tyrese Maxey,Seth Curry,Joel Embiid,Isaiah Joe,3,73,66,0:04:21,0:07:39,0:00:20,276,ATL,shot,,,,Joel Embiid,,,,,,Bogdan Bogdanovic,0,,,missed,,3pt pullup jump shot,25,-241,53,49.1,10.3,Embiid BLOCK (2 BLK): MISS Bogdanovic 25' 3PT Pullup Jump Shot
22100478,2021-22 Regular Season,2021-12-23,Onyeka Okongwu,Bogdan Bogdanovic,Delon Wright,Wes Iwundu,Skylar Mays,Tobias Harris,Tyrese Maxey,Seth Curry,Joel Embiid,Isaiah Joe,3,73,66,0:04:20,0:07:40,0:00:01,277,ATL,rebound,,,,,,,,,,Wes Iwundu,,,,,,rebound offensive,,,,,,Iwundu REBOUND (Off:1 Def:0)
22100478,2021-22 Regular Season,2021-12-23,Onyeka Okongwu,Bogdan Bogdanovic,Delon Wright,Wes Iwundu,Skylar Mays,Tobias Harris,Tyrese Maxey,Seth Curry,Joel Embiid,Isaiah Joe,3,73,66,0:04:19,0:07:41,0:00:01,278,ATL,shot,,,,,,,,,,Wes Iwundu,0,,,missed,,jump shot,13,-124,-22,37.4,2.8,MISS Iwundu 13' Jump Shot
22100478,2021-22 Regular Season,2021-12-23,Onyeka Okongwu,Bogdan Bogdanovic,Delon Wright,Wes Iwundu,Skylar Mays,Tobias Harris,Tyrese Maxey,Seth Curry,Joel Embiid,Isaiah Joe,3,73,66,0:04:19,0:07:41,0:00:00,279,ATL,rebound,,,,,,,,,,,,,,,,team rebound,,,,,,Hawks Rebound
22100478,2021-22 Regular Season,2021-12-23,Onyeka Okongwu,Bogdan Bogdanovic,Delon Wright,Wes Iwundu,Skylar Mays,Tobias Harris,Tyrese Maxey,Seth Curry,Joel Embiid,Isaiah Joe,3,73,66,0:04:19,0:07:41,0:00:00,280,ATL,turnover,,,,,,,,,,,,,,,,shot clock,,,,,,Hawks Turnover: Shot Clock (T#10)
22100478,2021-22 Regular Season,2021-12-23,Onyeka Okongwu,Bogdan Bogdanovic,Delon Wright,Wes Iwundu,Skylar Mays,Tobias Harris,Tyrese Maxey,Seth Curry,Joel Embiid,Isaiah Joe,3,73,66,0:03:57,0:08:03,0:00:22,281,PHI,turnover,,,,,,,,,,Joel Embiid,,,,,Skylar Mays,lost ball,,,,,,Embiid Lost Ball Turnover (P2.T6): Mays STEAL (1 STL)
22100478,2021-22 Regular Season,2021-12-23,Onyeka Okongwu,Bogdan Bogdanovic,Delon Wright,Wes Iwundu,Skylar Mays,Tobias Harris,Tyrese Maxey,Seth Curry,Joel Embiid,Isaiah Joe,3,73,66,0:03:51,0:08:09,0:00:06,282,ATL,shot,,,,Tobias Harris,,,,,,Wes Iwundu,0,,,missed,,layup,3,-26,22,27.6,7.2,Harris BLOCK (1 BLK): MISS Iwundu 3' Running Layup
22100478,2021-22 Regular Season,2021-12-23,Onyeka Okongwu,Bogdan Bogdanovic,Delon Wright,Wes Iwundu,Skylar Mays,Tobias Harris,Tyrese Maxey,Seth Curry,Joel Embiid,Isaiah Joe,3,73,66,0:03:47,0:08:13,0:00:04,283,ATL,rebound,,,,,,,,,,Wes Iwundu,,,,,,rebound offensive,,,,,,Iwundu REBOUND (Off:2 Def:0)
22100478,2021-22 Regular Season,2021-12-23,Onyeka Okongwu,Bogdan Bogdanovic,Delon Wright,Wes Iwundu,Skylar Mays,Tobias Harris,Tyrese Maxey,Seth Curry,Joel Embiid,Isaiah Joe,3,73,66,0:03:47,0:08:13,0:00:00,284,ATL,shot,,,,,,,,,,Wes Iwundu,0,,,missed,,hook shot,2,-2,17,25.2,6.7,MISS Iwundu 2' Turnaround Hook Shot
22100478,2021-22 Regular Season,2021-12-23,Onyeka Okongwu,Bogdan Bogdanovic,Delon Wright,Wes Iwundu,Skylar Mays,Tobias Harris,Tyrese Maxey,Seth Curry,Joel Embiid,Isaiah Joe,3,73,66,0:03:47,0:08:13,0:00:00,285,PHI,rebound,,,,,,,,,,Isaiah Joe,,,,,,rebound defensive,,,,,,Joe REBOUND (Off:0 Def:2)
22100478,2021-22 Regular Season,2021-12-23,Onyeka Okongwu,Bogdan Bogdanovic,Delon Wright,Wes Iwundu,Skylar Mays,Tobias Harris,Tyrese Maxey,Seth Curry,Joel Embiid,Isaiah Joe,3,73,69,0:03:39,0:08:21,0:00:08,286,PHI,shot,Tobias Harris,,,,,,,,,Joel Embiid,3,,,made,,3pt jump shot,26,119,230,36.9,66.0,Embiid 26' 3PT Jump Shot (16 PTS) (Harris 4 AST)
22100478,2021-22 Regular Season,2021-12-23,Onyeka Okongwu,Bogdan Bogdanovic,Delon Wright,Wes Iwundu,Skylar Mays,Tobias Harris,Tyrese Maxey,Seth Curry,Joel Embiid,Isaiah Joe,3,73,69,0:03:28,0:08:32,0:00:11,287,ATL,timeout,,,,,,,,,,,,,,,,timeout: regular,,,,,,Hawks Timeout: Regular (Reg.3 Short 0)
22100478,2021-22 Regular Season,2021-12-23,Onyeka Okongwu,Bogdan Bogdanovic,Delon Wright,Wes Iwundu,Skylar Mays,Tobias Harris,Tyrese Maxey,Seth Curry,Charles Bassey,Isaiah Joe,3,73,69,0:03:28,0:08:32,0:00:00,288,PHI,substitution,,,,,Charles Bassey,Joel Embiid,,,,Joel Embiid,,,,,,sub,,,,,,SUB: Bassey FOR Embiid
22100478,2021-22 Regular Season,2021-12-23,Onyeka Okongwu,Bogdan Bogdanovic,Delon Wright,Wes Iwundu,Gorgui Dieng,Tobias Harris,Tyrese Maxey,Seth Curry,Charles Bassey,Isaiah Joe,3,73,69,0:03:28,0:08:32,0:00:00,289,ATL,substitution,,,,,Gorgui Dieng,Skylar Mays,,,,Skylar Mays,,,,,,sub,,,,,,SUB: Dieng FOR Mays
22100478,2021-22 Regular Season,2021-12-23,Cam Reddish,Bogdan Bogdanovic,Delon Wright,Wes Iwundu,Gorgui Dieng,Tobias Harris,Tyrese Maxey,Seth Curry,Charles Bassey,Isaiah Joe,3,73,69,0:03:28,0:08:32,0:00:00,290,ATL,substitution,,,,,Cam Reddish,Onyeka Okongwu,,,,Onyeka Okongwu,,,,,,sub,,,,,,SUB: Reddish FOR Okongwu
22100478,2021-22 Regular Season,2021-12-23,Cam Reddish,Bogdan Bogdanovic,Delon Wright,Wes Iwundu,Gorgui Dieng,Tobias Harris,Tyrese Maxey,Seth Curry,Charles Bassey,Isaiah Joe,3,73,69,0:03:15,0:08:45,0:00:13,291,ATL,shot,,,,,,,,,,Bogdan Bogdanovic,0,,,missed,,3pt pullup jump shot,24,40,240,21.0,29.0,MISS Bogdanovic 24' 3PT Pullup Jump Shot
22100478,2021-22 Regular Season,2021-12-23,Cam Reddish,Bogdan Bogdanovic,Delon Wright,Wes Iwundu,Gorgui Dieng,Tobias Harris,Tyrese Maxey,Seth Curry,Charles Bassey,Isaiah Joe,3,73,69,0:03:13,0:08:47,0:00:02,292,PHI,rebound,,,,,,,,,,Isaiah Joe,,,,,,rebound defensive,,,,,,Joe REBOUND (Off:0 Def:3)
22100478,2021-22 Regular Season,2021-12-23,Cam Reddish,Bogdan Bogdanovic,Delon Wright,Wes Iwundu,Gorgui Dieng,Tobias Harris,Tyrese Maxey,Seth Curry,Charles Bassey,Isaiah Joe,3,73,69,0:02:56,0:09:04,0:00:17,293,PHI,shot,,,,,,,,,,Tyrese Maxey,0,,,missed,,hook shot,5,-28,36,22.2,85.4,MISS Maxey 5' Driving Hook Shot
22100478,2021-22 Regular Season,2021-12-23,Cam Reddish,Bogdan Bogdanovic,Delon Wright,Wes Iwundu,Gorgui Dieng,Tobias Harris,Tyrese Maxey,Seth Curry,Charles Bassey,Isaiah Joe,3,73,69,0:02:54,0:09:06,0:00:02,294,ATL,rebound,,,,,,,,,,Wes Iwundu,,,,,,rebound defensive,,,,,,Iwundu REBOUND (Off:2 Def:1)
22100478,2021-22 Regular Season,2021-12-23,Cam Reddish,Bogdan Bogdanovic,Delon Wright,Wes Iwundu,Gorgui Dieng,Tobias Harris,Tyrese Maxey,Seth Curry,Charles Bassey,Isaiah Joe,3,73,69,0:02:45,0:09:15,0:00:09,295,PHI,foul,,,,,,,,Bogdan Bogdanovic,,Isaiah Joe,,,p.foul,,,personal,,,,,,Joe P.FOUL (P1.T4) (M.Smith)
22100478,2021-22 Regular Season,2021-12-23,Cam Reddish,Bogdan Bogdanovic,Delon Wright,Wes Iwundu,Gorgui Dieng,Tyler Johnson,Tyrese Maxey,Seth Curry,Charles Bassey,Isaiah Joe,3,73,69,0:02:45,0:09:15,0:00:00,296,PHI,substitution,,,,,Tyler Johnson,Tobias Harris,,,,Tobias Harris,,,,,,sub,,,,,,SUB: Johnson FOR Harris
22100478,2021-22 Regular Season,2021-12-23,Cam Reddish,Lance Stephenson,Delon Wright,Wes Iwundu,Gorgui Dieng,Tyler Johnson,Tyrese Maxey,Seth Curry,Charles Bassey,Isaiah Joe,3,73,69,0:02:45,0:09:15,0:00:00,297,ATL,substitution,,,,,Lance Stephenson,Bogdan Bogdanovic,,,,Bogdan Bogdanovic,,,,,,sub,,,,,,SUB: Stephenson FOR Bogdanovic
22100478,2021-22 Regular Season,2021-12-23,Cam Reddish,Lance Stephenson,Delon Wright,Wes Iwundu,Gorgui Dieng,Tyler Johnson,Tyrese Maxey,Seth Curry,Charles Bassey,Isaiah Joe,3,73,69,0:02:34,0:09:26,0:00:11,298,ATL,shot,,,,,,,,,,Cam Reddish,0,,,missed,,jump shot,22,4,220,24.6,27.0,MISS Reddish 22' Jump Shot
22100478,2021-22 Regular Season,2021-12-23,Cam Reddish,Lance Stephenson,Delon Wright,Wes Iwundu,Gorgui Dieng,Tyler Johnson,Tyrese Maxey,Seth Curry,Charles Bassey,Isaiah Joe,3,73,69,0:02:30,0:09:30,0:00:04,299,PHI,rebound,,,,,,,,,,Charles Bassey,,,,,,rebound defensive,,,,,,Bassey REBOUND (Off:1 Def:3)
22100478,2021-22 Regular Season,2021-12-23,Cam Reddish,Lance Stephenson,Delon Wright,Wes Iwundu,Gorgui Dieng,Tyler Johnson,Tyrese Maxey,Seth Curry,Charles Bassey,Isaiah Joe,3,73,69,0:02:23,0:09:37,0:00:07,300,PHI,shot,,,,,,,,,,Seth Curry,0,,,missed,,jump shot,22,-100,196,15.0,69.4,MISS Curry 22' Pullup Jump Shot
22100478,2021-22 Regular Season,2021-12-23,Cam Reddish,Lance Stephenson,Delon Wright,Wes Iwundu,Gorgui Dieng,Tyler Johnson,Tyrese Maxey,Seth Curry,Charles Bassey,Isaiah Joe,3,73,69,0:02:20,0:09:40,0:00:03,301,ATL,rebound,,,,,,,,,,Wes Iwundu,,,,,,rebound defensive,,,,,,Iwundu REBOUND (Off:2 Def:2)
22100478,2021-22 Regular Season,2021-12-23,Cam Reddish,Lance Stephenson,Delon Wright,Wes Iwundu,Gorgui Dieng,Tyler Johnson,Tyrese Maxey,Seth Curry,Charles Bassey,Isaiah Joe,3,73,69,0:02:10,0:09:50,0:00:10,302,ATL,shot,,,,,,,,,,Delon Wright,0,,,missed,,3pt pullup jump shot,24,108,219,14.2,26.900000000000002,MISS Wright 24' 3PT Pullup Jump Shot
22100478,2021-22 Regular Season,2021-12-23,Cam Reddish,Lance Stephenson,Delon Wright,Wes Iwundu,Gorgui Dieng,Tyler Johnson,Tyrese Maxey,Seth Curry,Charles Bassey,Isaiah Joe,3,73,69,0:02:08,0:09:52,0:00:02,303,PHI,rebound,,,,,,,,,,Charles Bassey,,,,,,rebound defensive,,,,,,Bassey REBOUND (Off:1 Def:4)
22100478,2021-22 Regular Season,2021-12-23,Cam Reddish,Lance Stephenson,Delon Wright,Wes Iwundu,Gorgui Dieng,Tyler Johnson,Tyrese Maxey,Seth Curry,Charles Bassey,Isaiah Joe,3,73,71,0:02:01,0:09:59,0:00:07,304,PHI,shot,,,,,,,,,,Tyrese Maxey,2,,,made,,driving layup,2,18,-1,26.8,89.1,Maxey 2' Driving Layup (13 PTS)
22100478,2021-22 Regular Season,2021-12-23,Cam Reddish,Lance Stephenson,Delon Wright,Wes Iwundu,Gorgui Dieng,Tyler Johnson,Tyrese Maxey,Seth Curry,Charles Bassey,Isaiah Joe,3,73,71,0:01:42,0:10:18,0:00:19,305,ATL,turnover,,,,,,,,,,Cam Reddish,,,,,Charles Bassey,lost ball,,,,,,Bassey STEAL (1 STL): Reddish Lost Ball Turnover (P2.T11)
22100478,2021-22 Regular Season,2021-12-23,Cam Reddish,Lance Stephenson,Delon Wright,Wes Iwundu,Gorgui Dieng,Tyler Johnson,Tyrese Maxey,Seth Curry,Charles Bassey,Isaiah Joe,3,73,73,0:01:30,0:10:30,0:00:12,306,PHI,shot,,,,,,,,,,Tyrese Maxey,2,,,made,,driving dunk,2,-22,4,22.8,88.6,Maxey 2' Driving Dunk (15 PTS)
22100478,2021-22 Regular Season,2021-12-23,Cam Reddish,Lance Stephenson,Delon Wright,Wes Iwundu,Gorgui Dieng,Tyler Johnson,Tyrese Maxey,Seth Curry,Charles Bassey,Isaiah Joe,3,76,73,0:01:04,0:10:56,0:00:26,307,ATL,shot,Delon Wright,,,,,,,,,Gorgui Dieng,3,,,made,,3pt jump shot,25,20,248,23.0,29.8,Dieng 25' 3PT Jump Shot (12 PTS) (Wright 5 AST)
22100478,2021-22 Regular Season,2021-12-23,Cam Reddish,Lance Stephenson,Delon Wright,Wes Iwundu,Gorgui Dieng,Tyler Johnson,Tyrese Maxey,Furkan Korkmaz,Charles Bassey,Isaiah Joe,3,76,73,0:00:48,0:11:12,0:00:16,308,PHI,substitution,,,,,Furkan Korkmaz,Seth Curry,,,,Seth Curry,,,,,,sub,,,,,,SUB: Korkmaz FOR Curry
22100478,2021-22 Regular Season,2021-12-23,Skylar Mays,Lance Stephenson,Delon Wright,Wes Iwundu,Gorgui Dieng,Tyler Johnson,Tyrese Maxey,Furkan Korkmaz,Charles Bassey,Isaiah Joe,3,76,73,0:00:48,0:11:12,0:00:00,309,ATL,substitution,,,,,Skylar Mays,Cam Reddish,,,,Cam Reddish,,,,,,sub,,,,,,SUB: Mays FOR Reddish
22100478,2021-22 Regular Season,2021-12-23,Skylar Mays,Lance Stephenson,Delon Wright,Wes Iwundu,Gorgui Dieng,Tyler Johnson,Tyrese Maxey,Furkan Korkmaz,Charles Bassey,Isaiah Joe,3,76,75,0:00:46,0:11:14,0:00:02,310,PHI,shot,Tyrese Maxey,,,,,,,,,Furkan Korkmaz,2,,,made,,layup,1,7,1,25.7,88.9,Korkmaz 1' Layup (6 PTS) (Maxey 2 AST)
22100478,2021-22 Regular Season,2021-12-23,Skylar Mays,Lance Stephenson,Delon Wright,Wes Iwundu,Gorgui Dieng,Tyler Johnson,Tyrese Maxey,Furkan Korkmaz,Charles Bassey,Isaiah Joe,3,76,75,0:00:34,0:11:26,0:00:12,311,ATL,shot,,,,,,,,,,Gorgui Dieng,0,,,missed,,3pt jump shot,25,104,224,14.6,27.400000000000002,MISS Dieng 25' 3PT Jump Shot
22100478,2021-22 Regular Season,2021-12-23,Skylar Mays,Lance Stephenson,Delon Wright,Wes Iwundu,Gorgui Dieng,Tyler Johnson,Tyrese Maxey,Furkan Korkmaz,Charles Bassey,Isaiah Joe,3,76,75,0:00:31,0:11:29,0:00:03,312,PHI,rebound,,,,,,,,,,Charles Bassey,,,,,,rebound defensive,,,,,,Bassey REBOUND (Off:1 Def:5)
22100478,2021-22 Regular Season,2021-12-23,Skylar Mays,Lance Stephenson,Delon Wright,Wes Iwundu,Gorgui Dieng,Tyler Johnson,Tyrese Maxey,Furkan Korkmaz,Charles Bassey,Isaiah Joe,3,76,75,0:00:24,0:11:36,0:00:07,313,PHI,shot,,,,,,,,,,Isaiah Joe,0,,,missed,,jump shot,20,-47,189,20.3,70.1,MISS Joe 19' Pullup Jump Shot
22100478,2021-22 Regular Season,2021-12-23,Skylar Mays,Lance Stephenson,Delon Wright,Wes Iwundu,Gorgui Dieng,Tyler Johnson,Tyrese Maxey,Furkan Korkmaz,Charles Bassey,Isaiah Joe,3,76,75,0:00:21,0:11:39,0:00:03,314,ATL,rebound,,,,,,,,,,Gorgui Dieng,,,,,,rebound defensive,,,,,,Dieng REBOUND (Off:1 Def:3)
22100478,2021-22 Regular Season,2021-12-23,Skylar Mays,Lance Stephenson,Delon Wright,Wes Iwundu,Gorgui Dieng,Tyler Johnson,Tyrese Maxey,Furkan Korkmaz,Charles Bassey,Isaiah Joe,3,78,75,0:00:01,0:11:59,0:00:20,315,ATL,shot,Delon Wright,,,,,,,,,Skylar Mays,2,,,made,,cutting finger roll layup shot,2,-13,16,26.3,6.6,Mays 2' Cutting Finger Roll Layup Shot (7 PTS) (Wright 6 AST)
22100478,2021-22 Regular Season,2021-12-23,Skylar Mays,Lance Stephenson,Delon Wright,Wes Iwundu,Gorgui Dieng,Tyler Johnson,Tyrese Maxey,Furkan Korkmaz,Charles Bassey,Isaiah Joe,3,78,75,0:00:01,0:11:59,0:00:00,316,PHI,foul,,,,,,,,Skylar Mays,,Furkan Korkmaz,,,s.foul,,,shooting,,,,,,Korkmaz S.FOUL (P1.PN) (A.Smith)
22100478,2021-22 Regular Season,2021-12-23,Skylar Mays,Lance Stephenson,Delon Wright,Wes Iwundu,Gorgui Dieng,Tyler Johnson,Tyrese Maxey,Furkan Korkmaz,Charles Bassey,Isaiah Joe,3,79,75,0:00:01,0:11:59,0:00:00,317,ATL,free throw,,,,,,,1,,1,Skylar Mays,1,,,made,,free throw 1/1,,,,,,Mays Free Throw 1 of 1 (8 PTS)
22100478,2021-22 Regular Season,2021-12-23,Skylar Mays,Lance Stephenson,Delon Wright,Wes Iwundu,Gorgui Dieng,Tyler Johnson,Tyrese Maxey,Furkan Korkmaz,Charles Bassey,Isaiah Joe,3,79,75,0:00:00,0:12:00,0:00:01,318,,end of period,,,,,,,,,,,,,,,,end of period,,,,,,
22100478,2021-22 Regular Season,2021-12-23,Gorgui Dieng,Skylar Mays,Lance Stephenson,John Collins,Wes Iwundu,Isaiah Joe,Tyler Johnson,Charles Bassey,Furkan Korkmaz,Tyrese Maxey,4,79,75,0:12:00,0:00:00,0:00:00,319,,start of period,,,,,,,,,,,,,,,,start of period,,,,,,
22100478,2021-22 Regular Season,2021-12-23,Gorgui Dieng,Skylar Mays,Lance Stephenson,John Collins,Wes Iwundu,Isaiah Joe,Tyler Johnson,Charles Bassey,Furkan Korkmaz,Tyrese Maxey,4,79,75,0:11:44,0:00:16,0:00:16,320,PHI,shot,,,,,,,,,,Isaiah Joe,0,,,missed,,3pt jump shot,26,114,239,36.4,65.1,MISS Joe 26' 3PT Jump Shot
22100478,2021-22 Regular Season,2021-12-23,Gorgui Dieng,Skylar Mays,Lance Stephenson,John Collins,Wes Iwundu,Isaiah Joe,Tyler Johnson,Charles Bassey,Furkan Korkmaz,Tyrese Maxey,4,79,75,0:11:38,0:00:22,0:00:06,321,ATL,rebound,,,,,,,,,,Gorgui Dieng,,,,,,rebound defensive,,,,,,Dieng REBOUND (Off:1 Def:4)
22100478,2021-22 Regular Season,2021-12-23,Gorgui Dieng,Skylar Mays,Lance Stephenson,John Collins,Wes Iwundu,Isaiah Joe,Tyler Johnson,Charles Bassey,Furkan Korkmaz,Tyrese Maxey,4,81,75,0:11:31,0:00:29,0:00:07,322,ATL,shot,Gorgui Dieng,,,,,,,,,Skylar Mays,2,,,made,,cutting layup shot,2,16,-2,23.4,4.8,Mays 2' Cutting Layup Shot (10 PTS) (Dieng 2 AST)
22100478,2021-22 Regular Season,2021-12-23,Gorgui Dieng,Skylar Mays,Lance Stephenson,John Collins,Wes Iwundu,Isaiah Joe,Tyler Johnson,Charles Bassey,Furkan Korkmaz,Tyrese Maxey,4,81,75,0:11:20,0:00:40,0:00:11,323,ATL,foul,,,,,,,,Isaiah Joe,,Lance Stephenson,,,p.foul,,,personal,,,,,,Stephenson P.FOUL (P3.T1) (J.Williams)
22100478,2021-22 Regular Season,2021-12-23,Gorgui Dieng,Skylar Mays,Lance Stephenson,John Collins,Wes Iwundu,Tobias Harris,Tyler Johnson,Charles Bassey,Furkan Korkmaz,Tyrese Maxey,4,81,75,0:11:20,0:00:40,0:00:00,324,PHI,substitution,,,,,Tobias Harris,Isaiah Joe,,,,Isaiah Joe,,,,,,sub,,,,,,SUB: Harris FOR Joe
22100478,2021-22 Regular Season,2021-12-23,Gorgui Dieng,Skylar Mays,Lance Stephenson,John Collins,Wes Iwundu,Tobias Harris,Tyler Johnson,Charles Bassey,Furkan Korkmaz,Tyrese Maxey,4,81,75,0:11:11,0:00:49,0:00:09,325,PHI,turnover,,,,,,,,,,Tobias Harris,,,,,Gorgui Dieng,lost ball,,,,,,Harris Lost Ball Turnover (P2.T7): Dieng STEAL (1 STL)
22100478,2021-22 Regular Season,2021-12-23,Gorgui Dieng,Skylar Mays,Lance Stephenson,John Collins,Wes Iwundu,Tobias Harris,Tyler Johnson,Charles Bassey,Furkan Korkmaz,Tyrese Maxey,4,81,75,0:10:54,0:01:06,0:00:17,326,PHI,foul,,,,,,,,John Collins,,Tyler Johnson,,,p.foul,,,personal,,,,,,Johnson P.FOUL (P1.T1) (J.Williams)
22100478,2021-22 Regular Season,2021-12-23,Gorgui Dieng,Skylar Mays,Lance Stephenson,John Collins,Wes Iwundu,Tobias Harris,Tyler Johnson,Charles Bassey,Furkan Korkmaz,Tyrese Maxey,4,81,75,0:10:43,0:01:17,0:00:11,327,ATL,shot,,,,,,,,,,John Collins,0,,,missed,,floating jump shot,8,76,-8,17.4,4.2,MISS Collins 8' Floating Jump Shot
22100478,2021-22 Regular Season,2021-12-23,Gorgui Dieng,Skylar Mays,Lance Stephenson,John Collins,Wes Iwundu,Tobias Harris,Tyler Johnson,Charles Bassey,Furkan Korkmaz,Tyrese Maxey,4,81,75,0:10:41,0:01:19,0:00:02,328,PHI,rebound,,,,,,,,,,Tobias Harris,,,,,,rebound defensive,,,,,,Harris REBOUND (Off:0 Def:3)
22100478,2021-22 Regular Season,2021-12-23,Gorgui Dieng,Skylar Mays,Lance Stephenson,John Collins,Wes Iwundu,Tobias Harris,Tyler Johnson,Charles Bassey,Furkan Korkmaz,Tyrese Maxey,4,81,75,0:10:36,0:01:24,0:00:05,329,ATL,foul,,,,,,,,Charles Bassey,,Lance Stephenson,,,p.foul,,,personal,,,,,,Stephenson P.FOUL (P4.T2) (J.Williams)
22100478,2021-22 Regular Season,2021-12-23,Gorgui Dieng,Skylar Mays,Lance Stephenson,John Collins,Wes Iwundu,Tobias Harris,Tyler Johnson,Charles Bassey,Furkan Korkmaz,Tyrese Maxey,4,81,75,0:10:32,0:01:28,0:00:04,330,ATL,foul,,,,,,,,Tyler Johnson,,Wes Iwundu,,,p.foul,,,personal,,,,,,Iwundu P.FOUL (P1.T3) (M.Smith)
22100478,2021-22 Regular Season,2021-12-23,Gorgui Dieng,Skylar Mays,Lance Stephenson,John Collins,Wes Iwundu,Tobias Harris,Tyler Johnson,Charles Bassey,Furkan Korkmaz,Tyrese Maxey,4,81,75,0:10:32,0:01:28,0:00:00,331,,,,,,,,,,,,,,,,,,unknown,,,,,,
22100478,2021-22 Regular Season,2021-12-23,Gorgui Dieng,Skylar Mays,Lance Stephenson,John Collins,Wes Iwundu,Tobias Harris,Tyler Johnson,Charles Bassey,Furkan Korkmaz,Tyrese Maxey,4,81,75,0:10:21,0:01:39,0:00:11,332,PHI,shot,,,,,,,,,,Furkan Korkmaz,0,,,missed,,layup,2,21,4,27.1,88.6,MISS Korkmaz 2' Alley Oop Layup
22100478,2021-22 Regular Season,2021-12-23,Gorgui Dieng,Skylar Mays,Lance Stephenson,John Collins,Wes Iwundu,Tobias Harris,Tyler Johnson,Charles Bassey,Furkan Korkmaz,Tyrese Maxey,4,81,75,0:10:17,0:01:43,0:00:04,333,PHI,rebound,,,,,,,,,,Charles Bassey,,,,,,rebound offensive,,,,,,Bassey REBOUND (Off:2 Def:5)
22100478,2021-22 Regular Season,2021-12-23,Gorgui Dieng,Skylar Mays,Lance Stephenson,John Collins,Wes Iwundu,Tobias Harris,Tyler Johnson,Charles Bassey,Furkan Korkmaz,Tyrese Maxey,4,81,77,0:10:17,0:01:43,0:00:00,334,PHI,shot,,,,,,,,,,Charles Bassey,2,,,made,,dunk,0,0,0,25.0,89.0,Bassey Tip Dunk Shot (6 PTS)
22100478,2021-22 Regular Season,2021-12-23,Gorgui Dieng,Skylar Mays,Lance Stephenson,John Collins,Wes Iwundu,Tobias Harris,Tyler Johnson,Charles Bassey,Furkan Korkmaz,Tyrese Maxey,4,83,77,0:10:02,0:01:58,0:00:15,335,ATL,shot,,,,,,,,,,John Collins,2,,,made,,fadeaway jumper,13,103,78,14.7,12.8,Collins 13' Fadeaway Jumper (16 PTS)
22100478,2021-22 Regular Season,2021-12-23,Gorgui Dieng,Skylar Mays,Lance Stephenson,John Collins,Wes Iwundu,Tobias Harris,Tyler Johnson,Charles Bassey,Furkan Korkmaz,Tyrese Maxey,4,83,77,0:09:46,0:02:14,0:00:16,336,PHI,shot,,,,,,,,,,Tobias Harris,0,,,missed,,driving floating jump shot,9,-45,81,20.5,80.9,MISS Harris 9' Driving Floating Jump Shot
22100478,2021-22 Regular Season,2021-12-23,Gorgui Dieng,Skylar Mays,Lance Stephenson,John Collins,Wes Iwundu,Tobias Harris,Tyler Johnson,Charles Bassey,Furkan Korkmaz,Tyrese Maxey,4,83,77,0:09:42,0:02:18,0:00:04,337,PHI,rebound,,,,,,,,,,Charles Bassey,,,,,,rebound offensive,,,,,,Bassey REBOUND (Off:3 Def:5)
22100478,2021-22 Regular Season,2021-12-23,Gorgui Dieng,Skylar Mays,Lance Stephenson,John Collins,Wes Iwundu,Tobias Harris,Tyler Johnson,Charles Bassey,Furkan Korkmaz,Tyrese Maxey,4,83,79,0:09:42,0:02:18,0:00:00,338,PHI,shot,,,,,,,,,,Charles Bassey,2,,,made,,layup,0,0,0,25.0,89.0,Bassey Tip Layup Shot (8 PTS)
22100478,2021-22 Regular Season,2021-12-23,Gorgui Dieng,Skylar Mays,Lance Stephenson,John Collins,Wes Iwundu,Tobias Harris,Tyler Johnson,Charles Bassey,Furkan Korkmaz,Tyrese Maxey,4,83,79,0:09:33,0:02:27,0:00:09,339,ATL,shot,,,,,,,,,,Lance Stephenson,0,,,missed,,jump shot,12,-93,68,34.3,11.8,MISS Stephenson 12' Pullup Jump Shot
22100478,2021-22 Regular Season,2021-12-23,Gorgui Dieng,Skylar Mays,Lance Stephenson,John Collins,Wes Iwundu,Tobias Harris,Tyler Johnson,Charles Bassey,Furkan Korkmaz,Tyrese Maxey,4,83,79,0:09:30,0:02:30,0:00:03,340,PHI,rebound,,,,,,,,,,Tyler Johnson,,,,,,rebound defensive,,,,,,Johnson REBOUND (Off:1 Def:3)
22100478,2021-22 Regular Season,2021-12-23,Gorgui Dieng,Skylar Mays,Lance Stephenson,John Collins,Wes Iwundu,Tobias Harris,Tyler Johnson,Charles Bassey,Furkan Korkmaz,Tyrese Maxey,4,83,81,0:09:21,0:02:39,0:00:09,341,PHI,shot,Tyrese Maxey,,,,,,,,,Tobias Harris,2,,,made,,driving layup,4,22,27,27.2,86.3,Harris 3' Driving Layup (14 PTS) (Maxey 3 AST)
22100478,2021-22 Regular Season,2021-12-23,Gorgui Dieng,Skylar Mays,Lance Stephenson,John Collins,Wes Iwundu,Tobias Harris,Tyler Johnson,Charles Bassey,Furkan Korkmaz,Tyrese Maxey,4,83,81,0:09:20,0:02:40,0:00:01,342,ATL,timeout,,,,,,,,,,,,,,,,timeout: regular,,,,,,Hawks Timeout: Regular (Reg.4 Short 0)
22100478,2021-22 Regular Season,2021-12-23,Gorgui Dieng,Skylar Mays,Lance Stephenson,John Collins,Wes Iwundu,Tobias Harris,Joel Embiid,Charles Bassey,Furkan Korkmaz,Tyrese Maxey,4,83,81,0:09:20,0:02:40,0:00:00,343,PHI,substitution,,,,,Joel Embiid,Tyler Johnson,,,,Tyler Johnson,,,,,,sub,,,,,,SUB: Embiid FOR Johnson
22100478,2021-22 Regular Season,2021-12-23,Gorgui Dieng,Skylar Mays,Lance Stephenson,John Collins,Wes Iwundu,Tobias Harris,Joel Embiid,Matisse Thybulle,Furkan Korkmaz,Tyrese Maxey,4,83,81,0:09:20,0:02:40,0:00:00,344,PHI,substitution,,,,,Matisse Thybulle,Charles Bassey,,,,Charles Bassey,,,,,,sub,,,,,,SUB: Thybulle FOR Bassey
22100478,2021-22 Regular Season,2021-12-23,Gorgui Dieng,Delon Wright,Lance Stephenson,John Collins,Wes Iwundu,Tobias Harris,Joel Embiid,Matisse Thybulle,Furkan Korkmaz,Tyrese Maxey,4,83,81,0:09:20,0:02:40,0:00:00,345,ATL,substitution,,,,,Delon Wright,Skylar Mays,,,,Skylar Mays,,,,,,sub,,,,,,SUB: Wright FOR Mays
22100478,2021-22 Regular Season,2021-12-23,Onyeka Okongwu,Delon Wright,Lance Stephenson,John Collins,Wes Iwundu,Tobias Harris,Joel Embiid,Matisse Thybulle,Furkan Korkmaz,Tyrese Maxey,4,83,81,0:09:20,0:02:40,0:00:00,346,ATL,substitution,,,,,Onyeka Okongwu,Gorgui Dieng,,,,Gorgui Dieng,,,,,,sub,,,,,,SUB: Okongwu FOR Dieng
22100478,2021-22 Regular Season,2021-12-23,Onyeka Okongwu,Delon Wright,Bogdan Bogdanovic,John Collins,Wes Iwundu,Tobias Harris,Joel Embiid,Matisse Thybulle,Furkan Korkmaz,Tyrese Maxey,4,83,81,0:09:20,0:02:40,0:00:00,347,ATL,substitution,,,,,Bogdan Bogdanovic,Lance Stephenson,,,,Lance Stephenson,,,,,,sub,,,,,,SUB: Bogdanovic FOR Stephenson
22100478,2021-22 Regular Season,2021-12-23,Onyeka Okongwu,Delon Wright,Bogdan Bogdanovic,John Collins,Wes Iwundu,Tobias Harris,Joel Embiid,Matisse Thybulle,Furkan Korkmaz,Tyrese Maxey,4,83,81,0:08:55,0:03:05,0:00:25,348,ATL,shot,,,,,,,,,,Onyeka Okongwu,0,,,missed,,hook shot,15,-125,75,37.5,12.5,MISS Okongwu 15' Hook Shot
22100478,2021-22 Regular Season,2021-12-23,Onyeka Okongwu,Delon Wright,Bogdan Bogdanovic,John Collins,Wes Iwundu,Tobias Harris,Joel Embiid,Matisse Thybulle,Furkan Korkmaz,Tyrese Maxey,4,83,81,0:08:52,0:03:08,0:00:03,349,PHI,rebound,,,,,,,,,,Tobias Harris,,,,,,rebound defensive,,,,,,Harris REBOUND (Off:0 Def:4)
22100478,2021-22 Regular Season,2021-12-23,Onyeka Okongwu,Delon Wright,Bogdan Bogdanovic,John Collins,Wes Iwundu,Tobias Harris,Joel Embiid,Matisse Thybulle,Furkan Korkmaz,Tyrese Maxey,4,83,81,0:08:34,0:03:26,0:00:18,350,PHI,shot,,,,,,,,,,Joel Embiid,0,,,missed,,jump shot,15,-136,73,11.399999999999999,81.7,MISS Embiid 15' Jump Shot
22100478,2021-22 Regular Season,2021-12-23,Onyeka Okongwu,Delon Wright,Bogdan Bogdanovic,John Collins,Wes Iwundu,Tobias Harris,Joel Embiid,Matisse Thybulle,Furkan Korkmaz,Tyrese Maxey,4,83,81,0:08:29,0:03:31,0:00:05,351,PHI,rebound,,,,,,,,,,Matisse Thybulle,,,,,,rebound offensive,,,,,,Thybulle REBOUND (Off:1 Def:1)
22100478,2021-22 Regular Season,2021-12-23,Onyeka Okongwu,Delon Wright,Bogdan Bogdanovic,John Collins,Wes Iwundu,Tobias Harris,Joel Embiid,Matisse Thybulle,Furkan Korkmaz,Tyrese Maxey,4,83,81,0:08:29,0:03:31,0:00:00,352,PHI,shot,,,,,,,,,,Matisse Thybulle,0,,,missed,,layup,0,0,0,25.0,89.0,MISS Thybulle Tip Layup Shot
22100478,2021-22 Regular Season,2021-12-23,Onyeka Okongwu,Delon Wright,Bogdan Bogdanovic,John Collins,Wes Iwundu,Tobias Harris,Joel Embiid,Matisse Thybulle,Furkan Korkmaz,Tyrese Maxey,4,83,81,0:08:28,0:03:32,0:00:01,353,ATL,rebound,,,,,,,,,,Onyeka Okongwu,,,,,,rebound defensive,,,,,,Okongwu REBOUND (Off:3 Def:3)
22100478,2021-22 Regular Season,2021-12-23,Onyeka Okongwu,Delon Wright,Bogdan Bogdanovic,John Collins,Wes Iwundu,Tobias Harris,Joel Embiid,Matisse Thybulle,Furkan Korkmaz,Tyrese Maxey,4,83,81,0:08:19,0:03:41,0:00:09,354,ATL,shot,,,,,,,,,,Bogdan Bogdanovic,0,,,missed,,driving layup,3,-23,-12,27.3,3.8,MISS Bogdanovic 3' Driving Layup
22100478,2021-22 Regular Season,2021-12-23,Onyeka Okongwu,Delon Wright,Bogdan Bogdanovic,John Collins,Wes Iwundu,Tobias Harris,Joel Embiid,Matisse Thybulle,Furkan Korkmaz,Tyrese Maxey,4,83,81,0:08:18,0:03:42,0:00:01,355,PHI,rebound,,,,,,,,,,Tobias Harris,,,,,,rebound defensive,,,,,,Harris REBOUND (Off:0 Def:5)
22100478,2021-22 Regular Season,2021-12-23,Onyeka Okongwu,Delon Wright,Bogdan Bogdanovic,John Collins,Wes Iwundu,Tobias Harris,Joel Embiid,Matisse Thybulle,Furkan Korkmaz,Tyrese Maxey,4,83,83,0:08:03,0:03:57,0:00:15,356,PHI,shot,,,,,,,,,,Tobias Harris,2,,,made,,jump shot,18,-72,164,17.8,72.6,Harris 18' Pullup Jump Shot (16 PTS)
22100478,2021-22 Regular Season,2021-12-23,Onyeka Okongwu,Delon Wright,Bogdan Bogdanovic,John Collins,Wes Iwundu,Tobias Harris,Joel Embiid,Matisse Thybulle,Furkan Korkmaz,Tyrese Maxey,4,83,83,0:07:42,0:04:18,0:00:21,357,PHI,foul,,,,,,,,John Collins,,Tobias Harris,,,s.foul,,,shooting,,,,,,Harris S.FOUL (P3.T2) (M.Smith)
22100478,2021-22 Regular Season,2021-12-23,Onyeka Okongwu,Delon Wright,Bogdan Bogdanovic,John Collins,Wes Iwundu,Tobias Harris,Joel Embiid,Matisse Thybulle,Furkan Korkmaz,Tyrese Maxey,4,84,83,0:07:42,0:04:18,0:00:00,358,ATL,free throw,,,,,,,1,,2,John Collins,1,,,made,,free throw 1/2,,,,,,Collins Free Throw 1 of 2 (17 PTS)
22100478,2021-22 Regular Season,2021-12-23,Onyeka Okongwu,Delon Wright,Bogdan Bogdanovic,John Collins,Wes Iwundu,Tobias Harris,Joel Embiid,Matisse Thybulle,Furkan Korkmaz,Tyrese Maxey,4,84,83,0:07:42,0:04:18,0:00:00,359,ATL,free throw,,,,,,,2,,2,John Collins,0,,,missed,,free throw 2/2,,,,,,MISS Collins Free Throw 2 of 2
22100478,2021-22 Regular Season,2021-12-23,Onyeka Okongwu,Delon Wright,Bogdan Bogdanovic,John Collins,Wes Iwundu,Tobias Harris,Joel Embiid,Matisse Thybulle,Seth Curry,Tyrese Maxey,4,84,83,0:07:42,0:04:18,0:00:00,360,PHI,substitution,,,,,Seth Curry,Furkan Korkmaz,,,,Furkan Korkmaz,,,,,,sub,,,,,,SUB: Curry FOR Korkmaz
22100478,2021-22 Regular Season,2021-12-23,Onyeka Okongwu,Delon Wright,Bogdan Bogdanovic,John Collins,Skylar Mays,Tobias Harris,Joel Embiid,Matisse Thybulle,Seth Curry,Tyrese Maxey,4,84,83,0:07:42,0:04:18,0:00:00,361,ATL,substitution,,,,,Skylar Mays,Wes Iwundu,,,,Wes Iwundu,,,,,,sub,,,,,,SUB: Mays FOR Iwundu
22100478,2021-22 Regular Season,2021-12-23,Onyeka Okongwu,Delon Wright,Bogdan Bogdanovic,John Collins,Skylar Mays,Tobias Harris,Joel Embiid,Matisse Thybulle,Seth Curry,Tyrese Maxey,4,84,83,0:07:41,0:04:19,0:00:01,362,PHI,rebound,,,,,,,,,,Joel Embiid,,,,,,rebound defensive,,,,,,Embiid REBOUND (Off:2 Def:7)
22100478,2021-22 Regular Season,2021-12-23,Onyeka Okongwu,Delon Wright,Bogdan Bogdanovic,John Collins,Skylar Mays,Tobias Harris,Joel Embiid,Matisse Thybulle,Seth Curry,Tyrese Maxey,4,84,83,0:07:28,0:04:32,0:00:13,363,PHI,shot,,,,,,,,,,Matisse Thybulle,0,,,missed,,3pt jump shot,23,227,21,47.7,86.9,MISS Thybulle 3PT Jump Shot
22100478,2021-22 Regular Season,2021-12-23,Onyeka Okongwu,Delon Wright,Bogdan Bogdanovic,John Collins,Skylar Mays,Tobias Harris,Joel Embiid,Matisse Thybulle,Seth Curry,Tyrese Maxey,4,84,83,0:07:25,0:04:35,0:00:03,364,ATL,rebound,,,,,,,,,,Onyeka Okongwu,,,,,,rebound defensive,,,,,,Okongwu REBOUND (Off:3 Def:4)
22100478,2021-22 Regular Season,2021-12-23,Onyeka Okongwu,Delon Wright,Bogdan Bogdanovic,John Collins,Skylar Mays,Tobias Harris,Joel Embiid,Matisse Thybulle,Seth Curry,Tyrese Maxey,4,84,83,0:07:07,0:04:53,0:00:18,365,ATL,shot,,,,,,,,,,Bogdan Bogdanovic,0,,,missed,,3pt pullup jump shot,27,-124,239,37.4,28.900000000000002,MISS Bogdanovic 27' 3PT Pullup Jump Shot
22100478,2021-22 Regular Season,2021-12-23,Onyeka Okongwu,Delon Wright,Bogdan Bogdanovic,John Collins,Skylar Mays,Tobias Harris,Joel Embiid,Matisse Thybulle,Seth Curry,Tyrese Maxey,4,84,83,0:07:05,0:04:55,0:00:02,366,PHI,rebound,,,,,,,,,,Tobias Harris,,,,,,rebound defensive,,,,,,Harris REBOUND (Off:0 Def:6)
22100478,2021-22 Regular Season,2021-12-23,Onyeka Okongwu,Delon Wright,Bogdan Bogdanovic,John Collins,Skylar Mays,Tobias Harris,Joel Embiid,Matisse Thybulle,Seth Curry,Tyrese Maxey,4,84,85,0:07:03,0:04:57,0:00:02,367,PHI,shot,Tobias Harris,,,,,,,,,Matisse Thybulle,2,,,made,,dunk,2,20,7,27.0,88.3,Thybulle 2' Alley Oop Dunk (6 PTS) (Harris 5 AST)
22100478,2021-22 Regular Season,2021-12-23,Onyeka Okongwu,Delon Wright,Bogdan Bogdanovic,John Collins,Skylar Mays,Tobias Harris,Joel Embiid,Matisse Thybulle,Seth Curry,Tyrese Maxey,4,84,85,0:06:40,0:05:20,0:00:23,368,ATL,shot,,,,Matisse Thybulle,,,,,,Skylar Mays,0,,,missed,,layup,2,16,-1,23.4,4.9,Thybulle BLOCK (2 BLK): MISS Mays 2' Layup
22100478,2021-22 Regular Season,2021-12-23,Onyeka Okongwu,Delon Wright,Bogdan Bogdanovic,John Collins,Skylar Mays,Tobias Harris,Joel Embiid,Matisse Thybulle,Seth Curry,Tyrese Maxey,4,84,85,0:06:37,0:05:23,0:00:03,369,ATL,rebound,,,,,,,,,,Skylar Mays,,,,,,rebound offensive,,,,,,Mays REBOUND (Off:3 Def:6)
22100478,2021-22 Regular Season,2021-12-23,Onyeka Okongwu,Delon Wright,Bogdan Bogdanovic,John Collins,Skylar Mays,Tobias Harris,Joel Embiid,Matisse Thybulle,Seth Curry,Tyrese Maxey,4,84,85,0:06:37,0:05:23,0:00:00,370,ATL,shot,,,,,,,,,,Skylar Mays,0,,,missed,,layup,0,0,-2,25.0,4.8,MISS Mays Layup
22100478,2021-22 Regular Season,2021-12-23,Onyeka Okongwu,Delon Wright,Bogdan Bogdanovic,John Collins,Skylar Mays,Tobias Harris,Joel Embiid,Matisse Thybulle,Seth Curry,Tyrese Maxey,4,84,85,0:06:36,0:05:24,0:00:01,371,ATL,rebound,,,,,,,,,,Skylar Mays,,,,,,rebound offensive,,,,,,Mays REBOUND (Off:4 Def:6)
22100478,2021-22 Regular Season,2021-12-23,Onyeka Okongwu,Delon Wright,Bogdan Bogdanovic,John Collins,Skylar Mays,Tobias Harris,Joel Embiid,Matisse Thybulle,Seth Curry,Tyrese Maxey,4,84,85,0:06:36,0:05:24,0:00:00,372,ATL,shot,,,,,,,,,,Skylar Mays,0,,,missed,,layup,0,0,0,25.0,5.0,MISS Mays Tip Layup Shot
22100478,2021-22 Regular Season,2021-12-23,Onyeka Okongwu,Delon Wright,Bogdan Bogdanovic,John Collins,Skylar Mays,Tobias Harris,Joel Embiid,Matisse Thybulle,Seth Curry,Tyrese Maxey,4,84,85,0:06:36,0:05:24,0:00:00,373,PHI,rebound,,,,,,,,,,Tyrese Maxey,,,,,,rebound defensive,,,,,,Maxey REBOUND (Off:0 Def:1)
22100478,2021-22 Regular Season,2021-12-23,Onyeka Okongwu,Delon Wright,Bogdan Bogdanovic,John Collins,Skylar Mays,Tobias Harris,Joel Embiid,Matisse Thybulle,Seth Curry,Tyrese Maxey,4,84,85,0:06:36,0:05:24,0:00:00,374,ATL,foul,,,,,,,,Tyrese Maxey,,Bogdan Bogdanovic,,,personal take foul,,,personal take,,,,,,Bogdanovic Personal Take Foul (P3.T4) (A.Smith)
22100478,2021-22 Regular Season,2021-12-23,Onyeka Okongwu,Lance Stephenson,Bogdan Bogdanovic,John Collins,Skylar Mays,Tobias Harris,Joel Embiid,Matisse Thybulle,Seth Curry,Tyrese Maxey,4,84,85,0:06:36,0:05:24,0:00:00,375,ATL,substitution,,,,,Lance Stephenson,Delon Wright,,,,Delon Wright,,,,,,sub,,,,,,SUB: Stephenson FOR Wright
22100478,2021-22 Regular Season,2021-12-23,Onyeka Okongwu,Lance Stephenson,Bogdan Bogdanovic,John Collins,Skylar Mays,Tobias Harris,Joel Embiid,Matisse Thybulle,Seth Curry,Tyrese Maxey,4,84,85,0:06:27,0:05:33,0:00:09,376,PHI,shot,,,,,,,,,,Joel Embiid,0,,,missed,,jump shot,16,-18,164,23.2,72.6,MISS Embiid 16' Jump Shot
22100478,2021-22 Regular Season,2021-12-23,Onyeka Okongwu,Lance Stephenson,Bogdan Bogdanovic,John Collins,Skylar Mays,Tobias Harris,Joel Embiid,Matisse Thybulle,Seth Curry,Tyrese Maxey,4,84,85,0:06:25,0:05:35,0:00:02,377,ATL,rebound,,,,,,,,,,Onyeka Okongwu,,,,,,rebound defensive,,,,,,Okongwu REBOUND (Off:3 Def:5)
22100478,2021-22 Regular Season,2021-12-23,Onyeka Okongwu,Lance Stephenson,Bogdan Bogdanovic,John Collins,Skylar Mays,Tobias Harris,Joel Embiid,Matisse Thybulle,Seth Curry,Tyrese Maxey,4,86,85,0:06:11,0:05:49,0:00:14,378,ATL,shot,,,,,,,,,,Skylar Mays,2,,,made,,layup,2,-22,-1,27.2,4.9,Mays 2' Driving Finger Roll Layup (12 PTS)
22100478,2021-22 Regular Season,2021-12-23,Onyeka Okongwu,Lance Stephenson,Bogdan Bogdanovic,John Collins,Skylar Mays,Tobias Harris,Joel Embiid,Matisse Thybulle,Seth Curry,Tyrese Maxey,4,86,85,0:06:10,0:05:50,0:00:01,379,PHI,timeout,,,,,,,,,,,,,,,,timeout: regular,,,,,,76ERS Timeout: Regular (Full 4 Short 0)
22100478,2021-22 Regular Season,2021-12-23,Onyeka Okongwu,Wes Iwundu,Bogdan Bogdanovic,John Collins,Skylar Mays,Tobias Harris,Joel Embiid,Matisse Thybulle,Seth Curry,Tyrese Maxey,4,86,85,0:06:10,0:05:50,0:00:00,380,ATL,substitution,,,,,Wes Iwundu,Lance Stephenson,,,,Lance Stephenson,,,,,,sub,,,,,,SUB: Iwundu FOR Stephenson
22100478,2021-22 Regular Season,2021-12-23,Onyeka Okongwu,Wes Iwundu,Bogdan Bogdanovic,John Collins,Skylar Mays,Tobias Harris,Joel Embiid,Matisse Thybulle,Seth Curry,Tyrese Maxey,4,86,88,0:05:52,0:06:08,0:00:18,381,PHI,shot,Seth Curry,,,,,,,,,Joel Embiid,3,,,made,,3pt jump shot,26,40,257,29.0,63.3,Embiid 26' 3PT Jump Shot (19 PTS) (Curry 5 AST)
22100478,2021-22 Regular Season,2021-12-23,Onyeka Okongwu,Wes Iwundu,Bogdan Bogdanovic,John Collins,Skylar Mays,Tobias Harris,Joel Embiid,Matisse Thybulle,Seth Curry,Tyrese Maxey,4,86,88,0:05:35,0:06:25,0:00:17,382,ATL,turnover,,,,,,,,,,John Collins,,,bad pass,,Tyrese Maxey,bad pass,,,,,,Maxey STEAL (3 STL): Collins Bad Pass Turnover (P2.T12)
22100478,2021-22 Regular Season,2021-12-23,Onyeka Okongwu,Wes Iwundu,Bogdan Bogdanovic,John Collins,Skylar Mays,Tobias Harris,Joel Embiid,Matisse Thybulle,Seth Curry,Tyrese Maxey,4,86,88,0:05:25,0:06:35,0:00:10,383,PHI,shot,,,,,,,,,,Tobias Harris,0,,,missed,,3pt jump shot,26,-136,220,11.399999999999999,67.0,MISS Harris 26' 3PT Jump Shot
22100478,2021-22 Regular Season,2021-12-23,Onyeka Okongwu,Wes Iwundu,Bogdan Bogdanovic,John Collins,Skylar Mays,Tobias Harris,Joel Embiid,Matisse Thybulle,Seth Curry,Tyrese Maxey,4,86,88,0:05:22,0:06:38,0:00:03,384,ATL,rebound,,,,,,,,,,Bogdan Bogdanovic,,,,,,rebound defensive,,,,,,Bogdanovic REBOUND (Off:0 Def:5)
22100478,2021-22 Regular Season,2021-12-23,Onyeka Okongwu,Wes Iwundu,Bogdan Bogdanovic,John Collins,Skylar Mays,Tobias Harris,Joel Embiid,Matisse Thybulle,Seth Curry,Tyrese Maxey,4,86,88,0:05:03,0:06:57,0:00:19,385,ATL,shot,,,,,,,,,,Bogdan Bogdanovic,0,,,missed,,3pt pullup jump shot,25,-161,188,41.1,23.8,MISS Bogdanovic 25' 3PT Pullup Jump Shot
22100478,2021-22 Regular Season,2021-12-23,Onyeka Okongwu,Wes Iwundu,Bogdan Bogdanovic,John Collins,Skylar Mays,Tobias Harris,Joel Embiid,Matisse Thybulle,Seth Curry,Tyrese Maxey,4,86,88,0:05:01,0:06:59,0:00:02,386,PHI,rebound,,,,,,,,,,Joel Embiid,,,,,,rebound defensive,,,,,,Embiid REBOUND (Off:2 Def:8)
22100478,2021-22 Regular Season,2021-12-23,Onyeka Okongwu,Wes Iwundu,Bogdan Bogdanovic,John Collins,Skylar Mays,Tobias Harris,Joel Embiid,Matisse Thybulle,Seth Curry,Tyrese Maxey,4,86,88,0:04:52,0:07:08,0:00:09,387,PHI,shot,,,,Onyeka Okongwu,,,,,,Tyrese Maxey,0,,,missed,,driving layup,2,21,8,27.1,88.2,MISS Maxey 2' Driving Layup: Okongwu BLOCK (2 BLK)
22100478,2021-22 Regular Season,2021-12-23,Onyeka Okongwu,Wes Iwundu,Bogdan Bogdanovic,John Collins,Skylar Mays,Tobias Harris,Joel Embiid,Matisse Thybulle,Seth Curry,Tyrese Maxey,4,86,88,0:04:49,0:07:11,0:00:03,388,ATL,rebound,,,,,,,,,,John Collins,,,,,,rebound defensive,,,,,,Collins REBOUND (Off:0 Def:4)
22100478,2021-22 Regular Season,2021-12-23,Onyeka Okongwu,Wes Iwundu,Bogdan Bogdanovic,John Collins,Skylar Mays,Tobias Harris,Joel Embiid,Matisse Thybulle,Seth Curry,Tyrese Maxey,4,86,88,0:04:42,0:07:18,0:00:07,389,ATL,turnover,,,,,,,,,,Bogdan Bogdanovic,,,traveling,,,traveling,,,,,,Bogdanovic Traveling Turnover (P2.T13)
22100478,2021-22 Regular Season,2021-12-23,Onyeka Okongwu,Wes Iwundu,Bogdan Bogdanovic,John Collins,Skylar Mays,Tobias Harris,Joel Embiid,Matisse Thybulle,Seth Curry,Tyrese Maxey,4,86,88,0:04:31,0:07:29,0:00:11,390,ATL,foul,,,,,,,,Joel Embiid,,Wes Iwundu,,,s.foul,,,shooting,,,,,,Iwundu S.FOUL (P2.PN) (M.Smith)
22100478,2021-22 Regular Season,2021-12-23,Onyeka Okongwu,Wes Iwundu,Bogdan Bogdanovic,John Collins,Skylar Mays,Tobias Harris,Joel Embiid,Matisse Thybulle,Seth Curry,Tyrese Maxey,4,86,89,0:04:31,0:07:29,0:00:00,391,PHI,free throw,,,,,,,1,,2,Joel Embiid,1,,,made,,free throw 1/2,,,,,,Embiid Free Throw 1 of 2 (20 PTS)
22100478,2021-22 Regular Season,2021-12-23,Onyeka Okongwu,Wes Iwundu,Bogdan Bogdanovic,John Collins,Skylar Mays,Tobias Harris,Joel Embiid,Matisse Thybulle,Seth Curry,Tyrese Maxey,4,86,90,0:04:31,0:07:29,0:00:00,392,PHI,free throw,,,,,,,2,,2,Joel Embiid,1,,,made,,free throw 2/2,,,,,,Embiid Free Throw 2 of 2 (21 PTS)
22100478,2021-22 Regular Season,2021-12-23,Onyeka Okongwu,Wes Iwundu,Bogdan Bogdanovic,John Collins,Skylar Mays,Tobias Harris,Joel Embiid,Matisse Thybulle,Seth Curry,Tyrese Maxey,4,86,90,0:04:31,0:07:29,0:00:00,393,ATL,timeout,,,,,,,,,,,,,,,,timeout: regular,,,,,,Hawks Timeout: Regular (Reg.5 Short 0)
22100478,2021-22 Regular Season,2021-12-23,Onyeka Okongwu,Wes Iwundu,Bogdan Bogdanovic,John Collins,Skylar Mays,Tobias Harris,Joel Embiid,Matisse Thybulle,Seth Curry,Tyrese Maxey,4,88,90,0:04:09,0:07:51,0:00:22,394,ATL,shot,,,,,,,,,,Skylar Mays,2,,,made,,driving layup,3,-33,-5,28.3,4.5,Mays 3' Driving Layup (14 PTS)
22100478,2021-22 Regular Season,2021-12-23,Onyeka Okongwu,Wes Iwundu,Bogdan Bogdanovic,John Collins,Skylar Mays,Tobias Harris,Joel Embiid,Matisse Thybulle,Seth Curry,Tyrese Maxey,4,88,90,0:03:54,0:08:06,0:00:15,395,PHI,shot,,,,,,,,,,Seth Curry,0,,,missed,,jump shot,18,108,141,35.8,74.9,MISS Curry 18' Pullup Jump Shot
22100478,2021-22 Regular Season,2021-12-23,Onyeka Okongwu,Wes Iwundu,Bogdan Bogdanovic,John Collins,Skylar Mays,Tobias Harris,Joel Embiid,Matisse Thybulle,Seth Curry,Tyrese Maxey,4,88,90,0:03:51,0:08:09,0:00:03,396,ATL,rebound,,,,,,,,,,John Collins,,,,,,rebound defensive,,,,,,Collins REBOUND (Off:0 Def:5)
22100478,2021-22 Regular Season,2021-12-23,Onyeka Okongwu,Wes Iwundu,Bogdan Bogdanovic,John Collins,Skylar Mays,Tobias Harris,Joel Embiid,Matisse Thybulle,Seth Curry,Tyrese Maxey,4,91,90,0:03:44,0:08:16,0:00:07,397,ATL,shot,Skylar Mays,,,,,,,,,Bogdan Bogdanovic,3,,,made,,3pt jump shot,24,-238,-7,48.8,4.3,Bogdanovic 24' 3PT Jump Shot (8 PTS) (Mays 3 AST)
22100478,2021-22 Regular Season,2021-12-23,Onyeka Okongwu,Wes Iwundu,Bogdan Bogdanovic,John Collins,Skylar Mays,Tobias Harris,Joel Embiid,Matisse Thybulle,Seth Curry,Tyrese Maxey,4,91,92,0:03:16,0:08:44,0:00:28,398,PHI,shot,Joel Embiid,,,,,,,,,Matisse Thybulle,2,,,made,,driving layup,2,16,6,26.6,88.4,Thybulle 2' Driving Layup (8 PTS) (Embiid 2 AST)
22100478,2021-22 Regular Season,2021-12-23,Onyeka Okongwu,Wes Iwundu,Bogdan Bogdanovic,John Collins,Skylar Mays,Tobias Harris,Joel Embiid,Matisse Thybulle,Seth Curry,Tyrese Maxey,4,91,92,0:02:56,0:09:04,0:00:20,399,PHI,technical foul,,,,,,,,,,Joel Embiid,,,,,,defensive 3 seconds,,,,,,76ERS T.Foul (Def. 3 Sec Embiid ) (J.Williams)
22100478,2021-22 Regular Season,2021-12-23,Onyeka Okongwu,Wes Iwundu,Bogdan Bogdanovic,John Collins,Skylar Mays,Tobias Harris,Joel Embiid,Matisse Thybulle,Seth Curry,Tyrese Maxey,4,92,92,0:02:56,0:09:04,0:00:00,400,ATL,free throw,,,,,,,1,,1,Bogdan Bogdanovic,1,,,made,,free throw technical,,,,,,Bogdanovic Free Throw Technical (9 PTS)
22100478,2021-22 Regular Season,2021-12-23,Onyeka Okongwu,Wes Iwundu,Bogdan Bogdanovic,John Collins,Skylar Mays,Tobias Harris,Joel Embiid,Matisse Thybulle,Seth Curry,Tyrese Maxey,4,94,92,0:02:51,0:09:09,0:00:05,401,ATL,shot,,,,,,,,,,Bogdan Bogdanovic,2,,,made,,fadeaway jumper,14,-102,95,35.2,14.5,Bogdanovic 14' Fadeaway Jumper (11 PTS)
22100478,2021-22 Regular Season,2021-12-23,Onyeka Okongwu,Wes Iwundu,Bogdan Bogdanovic,John Collins,Skylar Mays,Tobias Harris,Joel Embiid,Matisse Thybulle,Seth Curry,Tyrese Maxey,4,94,92,0:02:40,0:09:20,0:00:11,402,PHI,turnover,,,,,,,,,,Tyrese Maxey,,,bad pass,,Onyeka Okongwu,bad pass,,,,,,Maxey Bad Pass Turnover (P1.T8): Okongwu STEAL (1 STL)
22100478,2021-22 Regular Season,2021-12-23,Onyeka Okongwu,Wes Iwundu,Bogdan Bogdanovic,John Collins,Skylar Mays,Tobias Harris,Joel Embiid,Matisse Thybulle,Seth Curry,Tyrese Maxey,4,94,92,0:02:34,0:09:26,0:00:06,403,ATL,turnover,,,,,,,,,,Skylar Mays,,,bad pass,,Joel Embiid,bad pass,,,,,,Embiid STEAL (1 STL): Mays Bad Pass Turnover (P1.T14)
22100478,2021-22 Regular Season,2021-12-23,Onyeka Okongwu,Wes Iwundu,Bogdan Bogdanovic,John Collins,Skylar Mays,Tobias Harris,Joel Embiid,Matisse Thybulle,Seth Curry,Tyrese Maxey,4,94,92,0:02:19,0:09:41,0:00:15,404,PHI,shot,,,,,,,,,,Joel Embiid,0,,,missed,,jump shot,12,72,95,32.2,79.5,MISS Embiid 12' Jump Shot
22100478,2021-22 Regular Season,2021-12-23,Onyeka Okongwu,Wes Iwundu,Bogdan Bogdanovic,John Collins,Skylar Mays,Tobias Harris,Joel Embiid,Matisse Thybulle,Seth Curry,Tyrese Maxey,4,94,92,0:02:09,0:09:51,0:00:10,405,ATL,rebound,,,,,,,,,,Wes Iwundu,,,,,,rebound defensive,,,,,,Iwundu REBOUND (Off:2 Def:3)
22100478,2021-22 Regular Season,2021-12-23,Onyeka Okongwu,Wes Iwundu,Bogdan Bogdanovic,John Collins,Skylar Mays,Tobias Harris,Joel Embiid,Matisse Thybulle,Seth Curry,Tyrese Maxey,4,96,92,0:02:07,0:09:53,0:00:02,406,ATL,shot,,,,,,,,,,Bogdan Bogdanovic,2,,,made,,jump shot,22,-202,98,45.2,14.8,Bogdanovic 22' Pullup Jump Shot (13 PTS)
22100478,2021-22 Regular Season,2021-12-23,Onyeka Okongwu,Wes Iwundu,Bogdan Bogdanovic,John Collins,Skylar Mays,Tobias Harris,Joel Embiid,Matisse Thybulle,Seth Curry,Tyrese Maxey,4,96,92,0:02:06,0:09:54,0:00:01,407,PHI,timeout,,,,,,,,,,,,,,,,timeout: regular,,,,,,76ERS Timeout: Regular (Full 5 Short 0)
22100478,2021-22 Regular Season,2021-12-23,Onyeka Okongwu,Wes Iwundu,Bogdan Bogdanovic,John Collins,Skylar Mays,Tobias Harris,Joel Embiid,Matisse Thybulle,Seth Curry,Tyrese Maxey,4,96,92,0:01:46,0:10:14,0:00:20,408,PHI,shot,,,,,,,,,,Tyrese Maxey,0,,,missed,,3pt jump shot,26,176,188,42.6,70.2,MISS Maxey 26' 3PT Jump Shot
22100478,2021-22 Regular Season,2021-12-23,Onyeka Okongwu,Wes Iwundu,Bogdan Bogdanovic,John Collins,Skylar Mays,Tobias Harris,Joel Embiid,Matisse Thybulle,Seth Curry,Tyrese Maxey,4,96,92,0:01:43,0:10:17,0:00:03,409,ATL,rebound,,,,,,,,,,Skylar Mays,,,,,,rebound defensive,,,,,,Mays REBOUND (Off:4 Def:7)
22100478,2021-22 Regular Season,2021-12-23,Onyeka Okongwu,Wes Iwundu,Bogdan Bogdanovic,John Collins,Skylar Mays,Tobias Harris,Joel Embiid,Matisse Thybulle,Seth Curry,Tyrese Maxey,4,98,92,0:01:25,0:10:35,0:00:18,410,ATL,shot,,,,,,,,,,Bogdan Bogdanovic,2,,,made,,jump shot,17,64,155,18.6,20.5,Bogdanovic 17' Step Back Jump Shot (15 PTS)
22100478,2021-22 Regular Season,2021-12-23,Onyeka Okongwu,Wes Iwundu,Bogdan Bogdanovic,John Collins,Skylar Mays,Tobias Harris,Joel Embiid,Matisse Thybulle,Seth Curry,Tyrese Maxey,4,98,92,0:01:08,0:10:52,0:00:17,411,PHI,shot,,,,Onyeka Okongwu,,,,,,Tobias Harris,0,,,missed,,driving floating jump shot,3,13,27,26.3,86.3,MISS Harris 3' Driving Floating Jump Shot: Okongwu BLOCK (3 BLK)
22100478,2021-22 Regular Season,2021-12-23,Onyeka Okongwu,Wes Iwundu,Bogdan Bogdanovic,John Collins,Skylar Mays,Tobias Harris,Joel Embiid,Matisse Thybulle,Seth Curry,Tyrese Maxey,4,98,92,0:01:08,0:10:52,0:00:00,412,PHI,rebound,,,,,,,,,,,,,,,,rebound offensive,,,,,,76ERS Rebound
22100478,2021-22 Regular Season,2021-12-23,Onyeka Okongwu,Wes Iwundu,Bogdan Bogdanovic,John Collins,Skylar Mays,Tobias Harris,Joel Embiid,Matisse Thybulle,Seth Curry,Tyrese Maxey,4,98,94,0:01:01,0:10:59,0:00:07,413,PHI,shot,,,,,,,,,,Tyrese Maxey,2,,,made,,floating jump shot,9,67,59,31.7,83.1,Maxey 9' Floating Jump Shot (17 PTS)
22100478,2021-22 Regular Season,2021-12-23,Onyeka Okongwu,Wes Iwundu,Bogdan Bogdanovic,John Collins,Skylar Mays,Tobias Harris,Joel Embiid,Matisse Thybulle,Seth Curry,Tyrese Maxey,4,98,94,0:00:37,0:11:23,0:00:24,414,ATL,turnover,,,,,,,,,,,,,,,,shot clock,,,,,,Hawks Turnover: Shot Clock (T#15)
22100478,2021-22 Regular Season,2021-12-23,Onyeka Okongwu,Wes Iwundu,Bogdan Bogdanovic,John Collins,Skylar Mays,Tobias Harris,Joel Embiid,Matisse Thybulle,Seth Curry,Tyrese Maxey,4,98,94,0:00:33,0:11:27,0:00:04,415,PHI,shot,,,,,,,,,,Tyrese Maxey,0,,,missed,,3pt running pull-up jump shot,27,-159,218,9.1,67.2,MISS Maxey 27' 3PT Running Pull-Up Jump Shot
22100478,2021-22 Regular Season,2021-12-23,Onyeka Okongwu,Wes Iwundu,Bogdan Bogdanovic,John Collins,Skylar Mays,Tobias Harris,Joel Embiid,Matisse Thybulle,Seth Curry,Tyrese Maxey,4,98,94,0:00:29,0:11:31,0:00:04,416,PHI,rebound,,,,,,,,,,Matisse Thybulle,,,,,,rebound offensive,,,,,,Thybulle REBOUND (Off:2 Def:1)
22100478,2021-22 Regular Season,2021-12-23,Onyeka Okongwu,Wes Iwundu,Bogdan Bogdanovic,John Collins,Skylar Mays,Tobias Harris,Joel Embiid,Matisse Thybulle,Seth Curry,Tyrese Maxey,4,98,94,0:00:29,0:11:31,0:00:00,417,PHI,shot,,,,,,,,,,Matisse Thybulle,0,,,missed,,3pt jump shot,25,176,178,42.6,71.2,MISS Thybulle 25' 3PT Jump Shot
22100478,2021-22 Regular Season,2021-12-23,Onyeka Okongwu,Wes Iwundu,Bogdan Bogdanovic,John Collins,Skylar Mays,Tobias Harris,Joel Embiid,Matisse Thybulle,Seth Curry,Tyrese Maxey,4,98,94,0:00:29,0:11:31,0:00:00,418,PHI,rebound,,,,,,,,,,,,,,,,rebound offensive,,,,,,76ERS Rebound
22100478,2021-22 Regular Season,2021-12-23,Onyeka Okongwu,Wes Iwundu,Bogdan Bogdanovic,John Collins,Skylar Mays,Tobias Harris,Joel Embiid,Matisse Thybulle,Seth Curry,Tyrese Maxey,4,98,94,0:00:29,0:11:31,0:00:00,419,ATL,foul,,,,,,,,Joel Embiid,,John Collins,,,l.b.foul,,,loose ball,,,,,,Collins L.B.FOUL (P5.PN) (A.Smith)
22100478,2021-22 Regular Season,2021-12-23,Onyeka Okongwu,Wes Iwundu,Bogdan Bogdanovic,John Collins,Skylar Mays,Tobias Harris,Joel Embiid,Matisse Thybulle,Seth Curry,Tyrese Maxey,4,98,94,0:00:29,0:11:31,0:00:00,420,ATL,timeout,,,,,,,,,,,,,,,,timeout: regular,,,,,,Hawks Timeout: Regular (Reg.6 Short 0)
22100478,2021-22 Regular Season,2021-12-23,Onyeka Okongwu,Wes Iwundu,Bogdan Bogdanovic,John Collins,Skylar Mays,Tobias Harris,Joel Embiid,Matisse Thybulle,Seth Curry,Tyrese Maxey,4,98,94,0:00:29,0:11:31,0:00:00,421,,,,,,,,,,,,,,,,,,unknown,,,,,,
22100478,2021-22 Regular Season,2021-12-23,Onyeka Okongwu,Wes Iwundu,Bogdan Bogdanovic,John Collins,Skylar Mays,Tobias Harris,Joel Embiid,Matisse Thybulle,Tyler Johnson,Tyrese Maxey,4,98,94,0:00:29,0:11:31,0:00:00,422,PHI,substitution,,,,,Tyler Johnson,Seth Curry,,,,Seth Curry,,,,,,sub,,,,,,SUB: Johnson FOR Curry
22100478,2021-22 Regular Season,2021-12-23,Onyeka Okongwu,Wes Iwundu,Bogdan Bogdanovic,John Collins,Skylar Mays,Tobias Harris,Joel Embiid,Matisse Thybulle,Seth Curry,Tyrese Maxey,4,98,95,0:00:29,0:11:31,0:00:00,423,PHI,free throw,,,,,,,1,,2,Joel Embiid,1,,,made,,free throw 1/2,,,,,,Embiid Free Throw 1 of 2 (22 PTS)
22100478,2021-22 Regular Season,2021-12-23,Onyeka Okongwu,Wes Iwundu,Bogdan Bogdanovic,John Collins,Skylar Mays,Tobias Harris,Joel Embiid,Matisse Thybulle,Seth Curry,Tyrese Maxey,4,98,96,0:00:29,0:11:31,0:00:00,424,PHI,free throw,,,,,,,2,,2,Joel Embiid,1,,,made,,free throw 2/2,,,,,,Embiid Free Throw 2 of 2 (23 PTS)
22100478,2021-22 Regular Season,2021-12-23,Onyeka Okongwu,Wes Iwundu,Bogdan Bogdanovic,John Collins,Skylar Mays,Tobias Harris,Joel Embiid,Matisse Thybulle,Tyler Johnson,Tyrese Maxey,4,98,96,0:00:05,0:11:55,0:00:24,425,ATL,shot,,,,,,,,,,Wes Iwundu,0,,,missed,,jump shot,16,123,94,12.7,14.4,MISS Iwundu 15' Jump Shot
22100478,2021-22 Regular Season,2021-12-23,Onyeka Okongwu,Wes Iwundu,Bogdan Bogdanovic,John Collins,Skylar Mays,Tobias Harris,Joel Embiid,Matisse Thybulle,Tyler Johnson,Tyrese Maxey,4,98,96,0:00:05,0:11:55,0:00:00,426,ATL,rebound,,,,,,,,,,,,,,,,team rebound,,,,,,Hawks Rebound
22100478,2021-22 Regular Season,2021-12-23,Onyeka Okongwu,Wes Iwundu,Bogdan Bogdanovic,John Collins,Skylar Mays,Tobias Harris,Joel Embiid,Matisse Thybulle,Tyler Johnson,Tyrese Maxey,4,98,96,0:00:05,0:11:55,0:00:00,427,ATL,turnover,,,,,,,,,,,,,,,,shot clock,,,,,,Hawks Turnover: Shot Clock (T#16)
22100478,2021-22 Regular Season,2021-12-23,Onyeka Okongwu,Wes Iwundu,Bogdan Bogdanovic,John Collins,Skylar Mays,Tobias Harris,Joel Embiid,Matisse Thybulle,Tyler Johnson,Tyrese Maxey,4,98,96,0:00:05,0:11:55,0:00:00,428,PHI,timeout,,,,,,,,,,,,,,,,timeout: regular,,,,,,76ERS Timeout: Regular (Full 6 Short 0)
22100478,2021-22 Regular Season,2021-12-23,Onyeka Okongwu,Wes Iwundu,Bogdan Bogdanovic,John Collins,Skylar Mays,Tobias Harris,Joel Embiid,Seth Curry,Tyler Johnson,Tyrese Maxey,4,98,96,0:00:05,0:11:55,0:00:00,429,PHI,substitution,,,,,Seth Curry,Matisse Thybulle,,,,Matisse Thybulle,,,,,,sub,,,,,,SUB: Curry FOR Thybulle
22100478,2021-22 Regular Season,2021-12-23,Onyeka Okongwu,Wes Iwundu,Bogdan Bogdanovic,John Collins,Skylar Mays,Tobias Harris,Joel Embiid,Seth Curry,Furkan Korkmaz,Tyrese Maxey,4,98,96,0:00:05,0:11:55,0:00:00,430,PHI,substitution,,,,,Furkan Korkmaz,Tyler Johnson,,,,Tyler Johnson,,,,,,sub,,,,,,SUB: Korkmaz FOR Johnson
22100478,2021-22 Regular Season,2021-12-23,Onyeka Okongwu,Wes Iwundu,Bogdan Bogdanovic,John Collins,Skylar Mays,Tobias Harris,Joel Embiid,Seth Curry,Furkan Korkmaz,Tyrese Maxey,4,98,96,0:00:00,0:12:00,0:00:05,431,PHI,shot,,,,,,,,,,Joel Embiid,0,,,missed,,jump shot,21,-119,168,13.1,72.2,MISS Embiid 21' Jump Shot
22100478,2021-22 Regular Season,2021-12-23,Onyeka Okongwu,Wes Iwundu,Bogdan Bogdanovic,John Collins,Skylar Mays,Tobias Harris,Joel Embiid,Seth Curry,Furkan Korkmaz,Tyrese Maxey,4,98,96,0:00:00,0:12:00,0:00:00,432,PHI,rebound,,,,,,,,,,,,,,,,team rebound,,,,,,76ERS Rebound
22100478,2021-22 Regular Season,2021-12-23,Onyeka Okongwu,Wes Iwundu,Bogdan Bogdanovic,John Collins,Skylar Mays,Tobias Harris,Joel Embiid,Seth Curry,Furkan Korkmaz,Tyrese Maxey,4,98,96,0:00:00,0:12:00,0:00:00,433,,end of period,,,,,,,,,,,,,,,,end of period,,,,,,
